  -8.0000000e+00
  -7.8000000e+00
  -7.6000000e+00
  -7.4000000e+00
  -7.2000000e+00
  -7.0000000e+00
  -6.8000000e+00
  -6.6000000e+00
  -6.4000000e+00
  -6.2000000e+00
  -6.0000000e+00
  -5.8000000e+00
  -5.6000000e+00
  -5.4000000e+00
  -5.2000000e+00
  -5.0000000e+00
  -4.8000000e+00
  -4.6000000e+00
  -4.4000000e+00
  -4.2000000e+00
  -4.0000000e+00
  -3.8000000e+00
  -3.6000000e+00
  -3.4000000e+00
  -3.2000000e+00
  -3.0000000e+00
  -2.8000000e+00
  -2.6000000e+00
  -2.4000000e+00
  -2.2000000e+00
  -2.0000000e+00
  -1.8000000e+00
  -1.6000000e+00
  -1.4000000e+00
  -1.2000000e+00
  -1.0000000e+00
  -8.0000000e-01
  -6.0000000e-01
  -4.0000000e-01
  -2.0000000e-01
   0.0000000e+00
   2.0000000e-01
   4.0000000e-01
   6.0000000e-01
   8.0000000e-01
   1.0000000e+00
