2.055549756823e+02 2.182221151836e+00 5.799761213103e+00 3.303952906456e-06 4.044819986626e-02
2.131030934088e+02 2.125439827967e+00 5.443783906606e+00 3.238750206709e-06 3.802924577673e-02
2.226260146791e+02 2.065028399026e+00 5.076748928240e+00 3.161956494396e-06 3.530745187783e-02
2.299123075621e+02 2.009445288276e+00 4.760056209495e+00 3.102295791496e-06 3.344023375354e-02
2.381091714989e+02 1.960519868664e+00 4.487869687129e+00 3.032449102543e-06 3.153208378606e-02
2.461793500720e+02 1.911730309209e+00 4.227680262459e+00 2.960017309900e-06 2.982801533243e-02
2.521373743641e+02 1.871672173895e+00 4.023267752944e+00 2.904081581074e-06 2.866856982919e-02
2.580630178701e+02 1.838840872224e+00 3.859012651773e+00 2.845920170091e-06 2.759008177559e-02
2.658469157187e+02 1.802183852709e+00 3.679251599739e+00 2.764531935579e-06 2.627555741221e-02
2.735273530543e+02 1.762584514926e+00 3.492608015250e+00 2.678563727336e-06 2.508089467869e-02
2.811096395208e+02 1.725034090451e+00 3.321285477493e+00 2.589484789169e-06 2.399070438567e-02
2.848558527883e+02 1.698229315689e+00 3.204145252628e+00 2.544593960587e-06 2.348204099667e-02
2.922998182036e+02 1.672168716949e+00 3.089439169723e+00 2.455259116611e-06 2.252492099469e-02
3.033233184192e+02 1.630702374349e+00 2.912395768466e+00 2.323104899433e-06 2.122629587649e-02
3.105590384555e+02 1.591786746161e+00 2.756656640627e+00 2.236599653019e-06 2.044314123772e-02
3.177179914660e+02 1.562015904876e+00 2.639609589443e+00 2.151629228073e-06 1.971659208425e-02
3.248035224462e+02 1.533433296770e+00 2.530289281909e+00 2.068360501456e-06 1.904076509943e-02
3.318186191241e+02 1.505947600288e+00 2.427979610827e+00 1.987166230483e-06 1.841056493852e-02
3.387660959144e+02 1.479475912895e+00 2.332021132825e+00 1.908448557443e-06 1.782154313024e-02
3.456485783807e+02 1.453944759334e+00 2.241843610764e+00 1.832844258636e-06 1.726980299479e-02
3.524685762601e+02 1.429288870828e+00 2.156938488135e+00 1.760926918764e-06 1.675191319661e-02
3.592284576718e+02 1.405449838308e+00 2.076855268351e+00 1.692908382162e-06 1.626484383855e-02
3.659304314226e+02 1.382374520624e+00 2.001202821149e+00 1.628575968804e-06 1.580591273420e-02
3.758781657161e+02 1.354493465982e+00 1.911216976168e+00 1.537337961143e-06 1.516509691089e-02
3.857203191184e+02 1.322435528115e+00 1.812185670354e+00 1.450656178214e-06 1.457452185297e-02
3.954353379579e+02 1.291730810651e+00 1.720567003118e+00 1.368255747480e-06 1.402991138018e-02
4.050568803905e+02 1.262263450957e+00 1.635536073953e+00 1.289661019001e-06 1.352462610326e-02
4.145626822343e+02 1.233931008951e+00 1.556440857532e+00 1.214942874024e-06 1.305577474193e-02
4.192675030333e+02 1.213419755862e+00 1.501635544872e+00 1.179007007518e-06 1.283411393817e-02
4.270915178072e+02 1.195586249375e+00 1.453871448929e+00 1.120751749606e-06 1.247963287991e-02
4.332943123176e+02 1.176019251862e+00 1.403393444997e+00 1.075929445262e-06 1.221050938142e-02
4.394578524049e+02 1.159047497420e+00 1.360376870927e+00 1.032600183532e-06 1.195289452686e-02
4.455833471015e+02 1.142444504988e+00 1.319152404167e+00 9.908754014511e-07 1.170604179810e-02
4.547130129597e+02 1.122166305581e+00 1.269491143350e+00 9.312524629644e-07 1.135403644075e-02
4.607482537891e+02 1.102413882033e+00 1.223232367135e+00 8.934815362949e-07 1.113123925884e-02
4.667491553543e+02 1.086962565104e+00 1.187529608615e+00 8.571910652530e-07 1.091705122031e-02
4.727165953309e+02 1.071803248307e+00 1.153218200553e+00 8.222058062992e-07 1.071096728642e-02
4.786514888745e+02 1.056922817893e+00 1.120215406176e+00 7.884104589108e-07 1.051251821918e-02
4.845548124282e+02 1.042309942100e+00 1.088446891035e+00 7.557635016997e-07 1.032126688636e-02
4.904274847744e+02 1.027953052464e+00 1.057857603031e+00 7.241022193147e-07 1.013681006477e-02
4.962704324804e+02 1.013842402978e+00 1.028367838846e+00 6.934312109904e-07 9.958771763603e-03
5.020565936024e+02 1.000000000000e+00 1.000000000000e+00 6.638067450506e-07 9.787618645350e-03
5.136365242998e+02 9.796215615366e-01 9.585077415879e-01 6.068218798153e-07 9.459543470248e-03
5.193404306011e+02 9.596810633717e-01 9.204513708634e-01 5.799374412031e-07 9.304710111788e-03
5.250740965586e+02 9.466487412600e-01 8.957284176706e-01 5.537136490887e-07 9.153297969763e-03
5.363908247733e+02 9.274798683934e-01 8.595949572251e-01 5.044242192075e-07 8.866173008272e-03
5.448546564489e+02 9.055904278362e-01 8.205805451496e-01 4.694264176971e-07 8.661085943260e-03
5.532258044808e+02 8.872493253410e-01 7.885800732982e-01 4.363330440621e-07 8.465835303196e-03
5.615904858329e+02 8.692674374040e-01 7.580503954801e-01 4.048044712192e-07 8.277854579054e-03
5.698952635401e+02 8.515951586683e-01 7.288442681484e-01 3.751861204837e-07 8.097875588373e-03
5.808949050390e+02 8.314315921130e-01 6.961947638863e-01 3.385647026747e-07 7.869075169887e-03
5.863222841136e+02 8.144761267075e-01 6.701550139600e-01 3.215218278493e-07 7.760024281197e-03
5.917884051579e+02 8.033612753897e-01 6.531566491818e-01 3.048697662354e-07 7.652629815157e-03
6.026778699774e+02 7.868857236226e-01 6.280633553128e-01 2.733414931062e-07 7.445603073604e-03
6.134799408090e+02 7.653668006601e-01 5.965973607725e-01 2.446545239911e-07 7.248887424936e-03
6.188303800484e+02 7.495947750987e-01 5.743730279087e-01 2.313445563656e-07 7.154480684711e-03
6.295585452573e+02 7.341998376081e-01 5.523821944757e-01 2.066126855190e-07 6.970851380614e-03
6.402502577470e+02 7.141455842026e-01 5.244417464057e-01 1.846281589401e-07 6.794999053703e-03
6.509182002542e+02 6.947674186984e-01 4.975743214580e-01 1.651874125086e-07 6.626198303693e-03
6.615775709563e+02 6.761500881859e-01 4.716068127625e-01 1.482770247801e-07 6.463751664465e-03
6.722467104875e+02 6.583743804383e-01 4.463888489331e-01 1.340546483871e-07 6.306980497135e-03
6.829462694432e+02 6.414812537982e-01 4.218243797479e-01 1.225838092192e-07 6.155241299984e-03
6.936982684884e+02 6.254674821274e-01 3.978771879167e-01 1.138012564103e-07 6.007941233795e-03
7.045255607410e+02 6.102791823407e-01 3.745634768137e-01 1.076881564310e-07 5.864545312255e-03
7.154493230673e+02 5.957807411805e-01 3.519713306381e-01 1.040195762541e-07 5.724609705091e-03
7.264878980189e+02 5.817881017454e-01 3.302188716604e-01 1.025636827938e-07 5.587788757953e-03
7.376567387710e+02 5.681106144277e-01 3.094108929991e-01 1.034494107689e-07 5.453823179924e-03
7.489670759566e+02 5.545377199633e-01 2.896482977058e-01 1.071736424114e-07 5.322545213408e-03
7.662590311349e+02 5.374416686914e-01 2.662691792621e-01 1.174670298130e-07 5.129944388162e-03
7.748961191237e+02 5.209769299324e-01 2.478410216211e-01 1.244932431551e-07 5.037345944391e-03
7.837559447088e+02 5.095986233246e-01 2.362161557651e-01 1.327132287463e-07 4.944749520677e-03
7.955848033017e+02 4.955294919896e-01 2.235375475709e-01 1.435092743053e-07 4.824798001315e-03
8.074806042788e+02 4.780653113050e-01 2.106966939874e-01 1.516768442250e-07 4.708329920627e-03
8.194025676783e+02 4.591119754762e-01 1.993150654940e-01 1.544393555206e-07 4.595685157664e-03
8.253175367754e+02 4.437783948147e-01 1.918778825927e-01 1.530995715715e-07 4.541291287682e-03
8.312967354938e+02 4.332844739400e-01 1.871007814265e-01 1.496618787660e-07 4.487281245806e-03
8.371935339773e+02 4.225056860327e-01 1.825692417109e-01 1.444378674387e-07 4.434957958218e-03
8.431481503025e+02 4.114720013891e-01 1.782552210461e-01 1.374181231377e-07 4.383053183197e-03
8.490146078458e+02 4.001953724976e-01 1.741382100736e-01 1.289478398711e-07 4.332814185248e-03
8.549339959535e+02 3.886863622105e-01 1.702019253849e-01 1.190390327701e-07 4.283006283385e-03
8.607250988936e+02 3.769762850988e-01 1.664592982951e-01 1.084171732844e-07 4.235120763778e-03
8.665636751539e+02 3.650770305934e-01 1.628900195190e-01 9.729519940077e-08 4.187669610964e-03
8.708909124913e+02 3.544127114231e-01 1.599211885828e-01 8.902850788871e-08 4.153028825359e-03
8.752423900344e+02 3.451473777143e-01 1.574534244649e-01 8.075094375195e-08 4.118638548578e-03
8.796172137081e+02 3.356553259185e-01 1.550594860205e-01 7.247788266272e-08 4.084507014271e-03
8.840146114189e+02 3.259392436702e-01 1.527327060943e-01 6.417147286603e-08 4.050640839498e-03
8.868154601466e+02 3.178343863396e-01 1.508970300701e-01 5.870961968427e-08 4.029298634276e-03
8.924456295043e+02 3.083186396205e-01 1.487141212408e-01 4.786346337760e-08 3.986921690106e-03
8.952753252578e+02 2.987759979668e-01 1.465496944419e-01 4.260243008204e-08 3.965883373972e-03
9.008307103680e+02 2.894566550365e-01 1.442880129801e-01 3.290155168680e-08 3.925068323474e-03
9.064472626540e+02 2.776469473374e-01 1.409576456574e-01 2.482526192682e-08 3.884428588230e-03
9.092880804371e+02 2.694331104826e-01 1.380482578874e-01 2.147534680936e-08 3.864095775363e-03
9.121552011746e+02 2.642061960240e-01 1.359258670469e-01 1.860718584872e-08 3.843718830235e-03
9.179834171680e+02 2.567252064102e-01 1.324660772257e-01 1.434924997520e-08 3.802721445031e-03
9.238163802367e+02 2.475631409025e-01 1.274139309890e-01 1.165124852069e-08 3.762221413458e-03
9.267969179233e+02 2.409574979342e-01 1.234912223270e-01 1.074903544395e-08 3.741722900964e-03
9.298232729284e+02 2.364908118752e-01 1.208359178586e-01 1.012443910396e-08 3.721042750577e-03
9.357082442512e+02 2.297264078225e-01 1.170085544173e-01 9.266794916409e-09 3.681211991015e-03
9.387038209494e+02 2.219985571466e-01 1.138485845240e-01 8.885326723766e-09 3.661146740888e-03
9.417303362939e+02 2.162486529133e-01 1.119641720944e-01 8.317705405189e-09 3.641022648747e-03
9.462351447063e+02 2.082109982572e-01 1.100683457227e-01 6.764163413189e-09 3.611361028337e-03
9.484930754618e+02 2.000067970788e-01 1.090166971755e-01 5.643075934315e-09 3.596637770255e-03
9.507537911348e+02 1.944783835032e-01 1.083649175163e-01 4.448829308640e-09 3.581992489110e-03
9.530196354189e+02 1.891887268405e-01 1.076061035177e-01 3.421758317182e-09 3.567407133846e-03
9.575804475642e+02 1.819030786902e-01 1.061561339763e-01 2.121976137342e-09 3.538314024606e-03
9.602289365810e+02 1.756420431871e-01 1.037854941535e-01 1.701230936392e-09 3.521557468839e-03
9.644409540412e+02 1.703871003134e-01 1.012722236160e-01 1.310698987375e-09 3.495102844870e-03
9.691239702997e+02 1.645607239480e-01 9.752149360131e-02 1.101497135595e-09 3.465941243996e-03
9.723377785592e+02 1.599749804267e-01 9.396693951448e-02 1.040683901264e-09 3.446070944283e-03
9.756331131694e+02 1.564347539903e-01 9.103077879674e-02 1.031643049165e-09 3.425814211195e-03
9.790168439128e+02 1.529413266851e-01 8.804787898053e-02 1.072149307353e-09 3.405136689497e-03
9.823161006498e+02 1.495014359530e-01 8.515683378623e-02 1.164447842699e-09 3.385095761646e-03
9.857028314767e+02 1.460398327812e-01 8.239465135257e-02 1.329924839360e-09 3.364649158563e-03
9.874278139031e+02 1.432947804055e-01 8.046596222376e-02 1.457029022836e-09 3.354286279173e-03
9.891743343091e+02 1.413922096428e-01 7.919474685820e-02 1.632079608640e-09 3.343829539177e-03
9.927327652892e+02 1.383962528048e-01 7.732377952117e-02 2.216044914733e-09 3.322636384322e-03
9.953984728896e+02 1.344417524257e-01 7.562121787684e-02 3.034823755624e-09 3.306870017890e-03
9.980211644104e+02 1.306584526015e-01 7.446936298374e-02 4.599454748897e-09 3.291456373640e-03
1.000243098522e+03 1.265598675720e-01 7.389431639538e-02 7.484191503195e-09 3.278484026223e-03
1.002161497919e+03 1.222814787248e-01 7.392055013761e-02 1.364485505352e-08 3.267356568678e-03
1.003046172950e+03 1.185901058005e-01 7.456511319423e-02 1.975652251543e-08 3.262253204837e-03
1.003862586594e+03 1.159729240724e-01 7.514490551242e-02 2.985602534725e-08 3.257560815399e-03
1.004554578575e+03 1.132168543618e-01 7.596998659413e-02 4.603691139658e-08 3.253598584812e-03
1.005235707342e+03 1.102046818397e-01 7.707619252086e-02 7.888494483212e-08 3.249714409062e-03
1.005856299022e+03 1.066171869303e-01 7.869240417678e-02 1.533823204987e-07 3.246192627892e-03
1.006275120732e+03 1.028191552179e-01 8.077786401105e-02 2.834543843935e-07 3.243828429472e-03
1.006479663389e+03 9.984615297770e-02 8.264919284288e-02 4.044494661464e-07 3.242678752743e-03
1.006680395932e+03 9.755751861931e-02 8.418405641514e-02 5.914721837281e-07 3.241554279795e-03
1.006859538728e+03 9.500744626761e-02 8.601130455579e-02 8.582462115669e-07 3.240554611206e-03
1.007034356317e+03 9.222936157053e-02 8.810835185988e-02 1.223637968119e-06 3.239583276519e-03
1.007204624426e+03 8.922876632663e-02 9.043157015810e-02 1.552065478962e-06 3.238641678182e-03
1.007371011309e+03 8.640971926245e-02 9.251009699548e-02 1.682565608858e-06 3.237725479940e-03
1.007551155670e+03 8.397124696946e-02 9.405833691882e-02 1.709437548772e-06 3.236736849831e-03
1.007729343094e+03 8.193962976782e-02 9.505751621380e-02 1.713083227003e-06 3.235761286836e-03
1.008082251349e+03 7.941710833688e-02 9.594068497022e-02 1.712949903612e-06 3.233833863888e-03
1.008400615117e+03 7.706547131904e-02 9.601141496455e-02 1.711934411993e-06 3.232097169013e-03
1.009046122694e+03 7.434450391839e-02 9.525548727275e-02 1.709750338868e-06 3.228576357189e-03
1.009484595998e+03 7.213075291430e-02 9.326059881486e-02 1.708262794111e-06 3.226180129471e-03
1.010133115473e+03 7.024108894519e-02 9.083590205831e-02 1.706066008971e-06 3.222626376770e-03
1.011013854926e+03 6.792041106939e-02 8.691187978128e-02 1.703089658277e-06 3.217777201276e-03
1.011615895714e+03 6.585890614489e-02 8.282423060945e-02 1.701060065843e-06 3.214445611934e-03
1.012382835125e+03 6.406278134097e-02 7.903261448275e-02 1.698480551747e-06 3.210181542325e-03
1.013533960593e+03 6.165038731614e-02 7.392844854053e-02 1.694621384717e-06 3.203741912004e-03
1.014495411030e+03 5.903721333270e-02 6.840587875860e-02 1.691409462430e-06 3.198327961985e-03
1.014938880376e+03 5.735903911927e-02 6.475605376732e-02 1.689931359779e-06 3.195820025215e-03
1.015709762081e+03 5.601630395298e-02 6.163885865715e-02 1.687366982200e-06 3.191444638900e-03
1.016269201851e+03 5.469788157654e-02 5.811357042205e-02 1.685509835767e-06 3.188256149187e-03
1.016898565735e+03 5.367398313766e-02 5.494315072368e-02 1.683424402124e-06 3.184655735617e-03
1.017330160936e+03 5.288526457829e-02 5.207355100563e-02 1.681996625073e-06 3.182178333074e-03
1.018051257768e+03 5.213807145998e-02 4.902756784190e-02 1.679615379893e-06 3.178024499119e-03
1.018422605269e+03 5.153207439017e-02 4.612771141660e-02 1.678391167199e-06 3.175878172099e-03
1.018677302898e+03 5.122146979159e-02 4.451097585366e-02 1.677552330577e-06 3.174403347146e-03
1.018785049442e+03 5.105310920028e-02 4.358652146473e-02 1.677197673465e-06 3.173778789133e-03
1.018862000568e+03 5.097028207521e-02 4.312101840855e-02 1.676944455761e-06 3.173332505159e-03
1.018905067692e+03 5.091753626774e-02 4.281990603944e-02 1.676803012863e-06 3.173082649886e-03
1.018928769010e+03 5.088854955946e-02 4.265296072514e-02 1.676725179381e-06 3.172945120313e-03
1.018943871782e+03 5.087181891963e-02 4.255613309421e-02 1.676675585645e-06 3.172857475315e-03
1.018953825047e+03 5.086106105358e-02 4.249368168170e-02 1.676642902754e-06 3.172799710116e-03
1.018959507620e+03 5.085436576025e-02 4.245473635646e-02 1.676624243664e-06 3.172766729057e-03
1.018962255439e+03 5.085076155045e-02 4.243374720727e-02 1.676615221130e-06 3.172750780629e-03
1.018963528626e+03 5.084904386027e-02 4.242373859688e-02 1.676611040613e-06 3.172743390930e-03
1.018964165595e+03 5.084822819552e-02 4.241898464951e-02 1.676608949126e-06 3.172739693881e-03
1.018964513530e+03 5.084780770626e-02 4.241653358790e-02 1.676607806684e-06 3.172737674417e-03
1.018964709238e+03 5.084757562978e-02 4.241518070195e-02 1.676607164080e-06 3.172736538500e-03
1.018964812659e+03 5.084744794116e-02 4.241443631381e-02 1.676606824497e-06 3.172735938227e-03
1.018964867632e+03 5.084738033000e-02 4.241404215175e-02 1.676606643996e-06 3.172735619159e-03
1.018964903299e+03 5.084734164078e-02 4.241381659738e-02 1.676606526884e-06 3.172735412142e-03
1.018964929175e+03 5.084731537125e-02 4.241366344744e-02 1.676606441918e-06 3.172735261950e-03
1.018964947399e+03 5.084729654744e-02 4.241355370504e-02 1.676606382081e-06 3.172735156177e-03
1.018964959018e+03 5.084728380933e-02 4.241347944195e-02 1.676606343929e-06 3.172735088737e-03
1.018964965875e+03 5.084727592309e-02 4.241343346506e-02 1.676606321415e-06 3.172735048939e-03
1.018964969866e+03 5.084727129294e-02 4.241340647123e-02 1.676606308311e-06 3.172735025776e-03
1.018964972383e+03 5.084726851507e-02 4.241339027614e-02 1.676606300046e-06 3.172735011166e-03
1.018964973414e+03 5.084726700050e-02 4.241338144617e-02 1.676606296660e-06 3.172735005181e-03
1.018964973671e+03 5.084726645071e-02 4.241337824089e-02 1.676606295817e-06 3.172735003690e-03
1.018964973757e+03 5.084726630421e-02 4.241337738679e-02 1.676606295534e-06 3.172735003189e-03
1.018964973774e+03 5.084726626030e-02 4.241337713077e-02 1.676606295479e-06 3.172735003092e-03
1.018964973778e+03 5.084726625162e-02 4.241337708019e-02 1.676606295467e-06 3.172735003071e-03
