   1.8644000e+02   1.8644000e+02   1.8644000e+02   1.8644000e+02   1.8644000e+02   1.8644000e+02   1.8644000e+02   1.8644000e+02   1.8644000e+02   1.8644000e+02   1.8644000e+02   1.9428476e+02   2.1680273e+02   2.2635060e+02   2.4116102e+02   2.6750685e+02   2.6588047e+02   2.4940343e+02   2.2010393e+02   1.9854404e+02   2.1399418e+02   2.4146674e+02   2.8357809e+02   2.8951208e+02   2.9526268e+02   3.0549441e+02   3.0355869e+02   2.9226927e+02   2.7218444e+02   2.6416828e+02   2.6961479e+02   2.7931504e+02   2.8504473e+02   2.9243068e+02   3.0414577e+02   3.2213000e+02   3.2213000e+02
   2.0674948e+02   2.0674948e+02   2.0674948e+02   2.0674948e+02   2.0674948e+02   2.0674948e+02   2.0674948e+02   2.0674948e+02   2.0674948e+02   2.0674948e+02   2.0674948e+02   2.2081349e+02   2.3838368e+02   2.4734634e+02   2.6310349e+02   2.8378220e+02   2.7637487e+02   2.5963287e+02   2.2996867e+02   2.2542019e+02   2.4136662e+02   2.6972734e+02   2.9901293e+02   3.0237314e+02   3.0834705e+02   3.1600778e+02   3.1116547e+02   2.9966319e+02   2.8211471e+02   2.8103917e+02   2.8681918e+02   2.9516348e+02   3.0043680e+02   3.0857017e+02   3.2067580e+02   3.3354986e+02   3.3354986e+02
   2.5251762e+02   2.5251762e+02   2.5251762e+02   2.5251762e+02   2.5251762e+02   2.5251762e+02   2.5251762e+02   2.5251762e+02   2.5251762e+02   2.5251762e+02   2.5251762e+02   2.7052096e+02   2.8162327e+02   2.8938211e+02   3.0317019e+02   3.1342429e+02   3.0651268e+02   2.9421767e+02   2.7307278e+02   2.8009820e+02   2.9258441e+02   3.1448909e+02   3.2649920e+02   3.2919197e+02   3.3398435e+02   3.3752920e+02   3.3273265e+02   3.2419953e+02   3.1429126e+02   3.1710374e+02   3.2211332e+02   3.2800245e+02   3.3271222e+02   3.4051043e+02   3.5235408e+02   3.5928493e+02   3.5928493e+02
   3.0099769e+02   3.0099769e+02   3.0099769e+02   3.0099769e+02   3.0099769e+02   3.0099769e+02   3.0099769e+02   3.0099769e+02   3.0099769e+02   3.0099769e+02   3.0419688e+02   3.1911260e+02   3.2622521e+02   3.3194094e+02   3.4210285e+02   3.4453127e+02   3.4170291e+02   3.3666059e+02   3.3152053e+02   3.3529069e+02   3.4199453e+02   3.5246749e+02   3.5507239e+02   3.5663934e+02   3.5942752e+02   3.5984468e+02   3.5777852e+02   3.5410750e+02   3.5253274e+02   3.5455585e+02   3.5816616e+02   3.6208787e+02   3.6629235e+02   3.7327453e+02   3.8496379e+02   3.8654490e+02   3.8654490e+02
   3.2858960e+02   3.2858960e+02   3.2858960e+02   3.2858960e+02   3.2858960e+02   3.2858960e+02   3.2858960e+02   3.2858960e+02   3.2858960e+02   3.2858960e+02   3.3734930e+02   3.5733179e+02   3.7244551e+02   3.9806747e+02   4.3712438e+02   4.7940987e+02   5.3832567e+02   6.1747247e+02   7.1159886e+02   8.1110267e+02   9.5623943e+02   1.0265875e+03   1.1507104e+03   1.2609958e+03   1.3097911e+03   1.3959259e+03   1.4778200e+03   1.5043905e+03   1.5504962e+03   1.6175081e+03   1.6459697e+03   1.6947425e+03   1.7756774e+03   1.8182824e+03   1.8402705e+03   1.8402705e+03   1.8402705e+03
   2.9954755e+02   2.9954755e+02   2.9954755e+02   2.9954755e+02   2.9954755e+02   2.9954755e+02   2.9954755e+02   2.9954755e+02   2.9954755e+02   2.9954755e+02   3.3195665e+02   3.7783223e+02   4.4594207e+02   5.6783311e+02   7.2497510e+02   9.4756190e+02   1.2124817e+03   1.6271359e+03   2.0068657e+03   2.5385305e+03   3.0742708e+03   3.4480893e+03   4.1126787e+03   4.4206741e+03   4.6793798e+03   5.1392700e+03   5.3674846e+03   5.5043450e+03   5.7464659e+03   5.9879689e+03   6.1278603e+03   6.3753124e+03   6.7651521e+03   6.8283792e+03   6.8743148e+03   6.8743148e+03   6.8743148e+03
   2.6878465e+02   2.6878465e+02   2.6878465e+02   2.6878465e+02   2.6878465e+02   2.6878465e+02   2.6878465e+02   2.6878465e+02   2.6878465e+02   2.7832806e+02   3.4048644e+02   4.2466101e+02   5.7020050e+02   8.1917288e+02   1.1171158e+03   1.5613864e+03   2.0891250e+03   2.8807851e+03   3.5881823e+03   4.7109344e+03   5.4647111e+03   6.2748292e+03   7.4346620e+03   7.8692378e+03   8.4297222e+03   9.2539470e+03   9.5410000e+03   9.8360773e+03   1.0360067e+04   1.0671283e+04   1.0971547e+04   1.1504682e+04   1.2049390e+04   1.2172378e+04   1.2206645e+04   1.2206645e+04   1.2206645e+04
   2.3619893e+02   2.3619893e+02   2.3619893e+02   2.3619893e+02   2.3619893e+02   2.3619893e+02   2.3619893e+02   2.3619893e+02   2.3619893e+02   2.7419664e+02   3.6636985e+02   5.0788395e+02   7.6306412e+02   1.1720276e+03   1.6477387e+03   2.3464785e+03   3.2322058e+03   4.4008974e+03   5.5394241e+03   7.3899282e+03   8.1908480e+03   9.6145156e+03   1.1102665e+04   1.1656298e+04   1.2641259e+04   1.3740813e+04   1.4032222e+04   1.4549966e+04   1.5396962e+04   1.5703254e+04   1.6229242e+04   1.7142314e+04   1.7671184e+04   1.7854935e+04   1.7854935e+04   1.7854935e+04   1.7854935e+04
   2.0168239e+02   2.0168239e+02   2.0168239e+02   2.0168239e+02   2.0168239e+02   2.0168239e+02   2.0168239e+02   2.0168239e+02   2.0168239e+02   2.8351038e+02   4.1605428e+02   6.4183508e+02   1.0477609e+03   1.6023703e+03   2.3612609e+03   3.3119820e+03   4.7246627e+03   6.1521029e+03   7.9691385e+03   1.0056122e+04   1.1333727e+04   1.3606010e+04   1.4960881e+04   1.5844180e+04   1.7415888e+04   1.8417657e+04   1.8881950e+04   1.9707864e+04   2.0651241e+04   2.1126830e+04   2.1965149e+04   2.3317985e+04   2.3662132e+04   2.3837908e+04   2.3837908e+04   2.3837908e+04   2.3837908e+04
   1.7755879e+02   1.7755879e+02   1.7755879e+02   1.7755879e+02   1.7755879e+02   1.7755879e+02   1.7755879e+02   1.7755879e+02   1.8622840e+02   3.0644878e+02   4.7301536e+02   7.7239863e+02   1.2949820e+03   1.9334990e+03   2.8961823e+03   4.0206227e+03   5.7768238e+03   7.3340724e+03   9.7575694e+03   1.1694797e+04   1.3566544e+04   1.6475659e+04   1.7898691e+04   1.9538224e+04   2.2115676e+04   2.3354267e+04   2.4903145e+04   2.6649994e+04   2.7895462e+04   2.9316506e+04   3.0857402e+04   3.2447186e+04   3.3170435e+04   3.3481769e+04   3.3481769e+04   3.3481769e+04   3.3481769e+04
   1.8215207e+02   1.8215207e+02   1.8215207e+02   1.8215207e+02   1.8215207e+02   1.8215207e+02   1.8215207e+02   1.8215207e+02   2.1402380e+02   3.1145444e+02   4.6247592e+02   7.3353429e+02   1.1753120e+03   1.7050937e+03   2.5015455e+03   3.5040124e+03   4.9219528e+03   6.3487392e+03   8.7263469e+03   1.0299337e+04   1.2721548e+04   1.5961841e+04   1.8412444e+04   2.1984122e+04   2.6238372e+04   2.9386301e+04   3.4925927e+04   3.7538730e+04   4.0357349e+04   4.4995385e+04   4.6834684e+04   4.8941717e+04   5.1710690e+04   5.1710690e+04   5.1710690e+04   5.1710690e+04   5.1710690e+04
   1.8701751e+02   1.8701751e+02   1.8701751e+02   1.8701751e+02   1.8701751e+02   1.8701751e+02   1.8701751e+02   1.8701751e+02   2.2640565e+02   2.9863068e+02   4.1940045e+02   6.3123021e+02   9.3819097e+02   1.3580790e+03   1.9374625e+03   2.7793801e+03   3.8104594e+03   5.1644338e+03   7.0899435e+03   9.0314335e+03   1.2046767e+04   1.5936093e+04   1.9817342e+04   2.6104670e+04   3.1347450e+04   3.7668747e+04   4.5980621e+04   4.9617360e+04   5.5213054e+04   6.1607771e+04   6.4032772e+04   6.7388953e+04   7.1019742e+04   7.1019742e+04   7.1019742e+04   7.1019742e+04   7.1019742e+04
   1.9217126e+02   1.9217126e+02   1.9217126e+02   1.9217126e+02   1.9217126e+02   1.9217126e+02   1.9217126e+02   1.9217126e+02   2.2084575e+02   2.6022726e+02   3.2927978e+02   4.3963295e+02   5.9015824e+02   8.4645961e+02   1.1914413e+03   1.7653114e+03   2.4934926e+03   3.7094487e+03   5.3871473e+03   7.9286443e+03   1.1589773e+04   1.6788369e+04   2.2436073e+04   3.1967104e+04   3.8128616e+04   4.8937708e+04   5.8155996e+04   6.3607962e+04   7.3003416e+04   7.9376212e+04   8.2705724e+04   8.8215019e+04   9.1472928e+04   9.1472928e+04   9.1472928e+04   9.1472928e+04   9.1472928e+04
   2.2420698e+02   2.2420698e+02   2.2420698e+02   2.2420698e+02   2.2420698e+02   2.2420698e+02   2.2420698e+02   2.2644484e+02   2.3735988e+02   2.5226923e+02   2.7415277e+02   3.0249008e+02   3.6243943e+02   4.8302325e+02   6.8605681e+02   1.0399958e+03   1.6513008e+03   2.6995964e+03   4.4409535e+03   7.1830780e+03   1.1409312e+04   1.7010205e+04   2.4421995e+04   3.4097452e+04   4.3020741e+04   5.8431465e+04   6.7175141e+04   7.6844552e+04   9.2014378e+04   9.9913208e+04   1.0665287e+05   1.1863724e+05   1.2025942e+05   1.2025942e+05   1.2025942e+05   1.2025942e+05   1.2025942e+05
   2.9565495e+02   2.9565495e+02   2.9565495e+02   2.9565495e+02   2.9565495e+02   2.9565495e+02   2.9565495e+02   3.0018732e+02   3.1126128e+02   3.2384283e+02   3.4033736e+02   3.6731091e+02   4.2776968e+02   5.4203508e+02   7.3433299e+02   1.0708608e+03   1.6493893e+03   2.6208457e+03   4.2715705e+03   6.7566481e+03   1.0796807e+04   1.5772199e+04   2.3570697e+04   3.2150060e+04   4.3663609e+04   5.9881334e+04   7.3344318e+04   8.9240515e+04   1.1233692e+05   1.2583441e+05   1.4080175e+05   1.6080375e+05   1.6080375e+05   1.6080375e+05   1.6080375e+05   1.6080375e+05   1.6080375e+05
   3.7133647e+02   3.7133647e+02   3.7133647e+02   3.7133647e+02   3.7133647e+02   3.7133647e+02   3.7133647e+02   3.7802334e+02   3.8768767e+02   3.9619399e+02   4.0770930e+02   4.3149565e+02   4.8674697e+02   5.8593465e+02   7.5569863e+02   1.0493059e+03   1.5515065e+03   2.3858462e+03   3.8309964e+03   5.9978159e+03   9.6082098e+03   1.4190567e+04   2.2174356e+04   3.0899834e+04   4.5258781e+04   6.2646312e+04   8.3753072e+04   1.0648549e+05   1.4168824e+05   1.5697380e+05   1.8352177e+05   2.0375048e+05   2.0375048e+05   2.0375048e+05   2.0375048e+05   2.0375048e+05   2.0375048e+05
   4.5150240e+02   4.5150240e+02   4.5150240e+02   4.5150240e+02   4.5150240e+02   4.5150240e+02   4.5249491e+02   4.6000532e+02   4.6597751e+02   4.6802592e+02   4.7547861e+02   4.9330325e+02   5.3511180e+02   6.0902409e+02   7.3735739e+02   9.5224531e+02   1.3133499e+03   1.9358247e+03   3.0020733e+03   4.7706047e+03   7.6548637e+03   1.2129031e+04   1.9484118e+04   3.0614212e+04   4.7156088e+04   6.9862283e+04   9.6820121e+04   1.3005783e+05   1.7084998e+05   1.9479223e+05   2.3737211e+05   2.4924196e+05   2.4924196e+05   2.4924196e+05   2.4924196e+05   2.4924196e+05   2.4924196e+05
   5.8378131e+02   5.8378131e+02   5.8378131e+02   5.8378131e+02   5.8378131e+02   5.8378131e+02   5.8649581e+02   5.9459619e+02   5.9727020e+02   5.9864266e+02   6.0713371e+02   6.2370192e+02   6.5549725e+02   7.0942239e+02   7.9982109e+02   9.4298512e+02   1.1916224e+03   1.6417601e+03   2.4458975e+03   3.8668993e+03   6.2998532e+03   1.0444193e+04   1.7383419e+04   2.9234369e+04   4.5205012e+04   7.0678206e+04   9.7161100e+04   1.3709994e+05   1.7362978e+05   2.0916565e+05   2.5875047e+05   2.5875047e+05   2.5875047e+05   2.5875047e+05   2.5875047e+05   2.5875047e+05   2.5875047e+05
   7.6454792e+02   7.6454792e+02   7.6454792e+02   7.6454792e+02   7.6454792e+02   7.6454792e+02   7.6930304e+02   7.7698740e+02   7.8199945e+02   7.9014004e+02   8.0218895e+02   8.2262600e+02   8.4844372e+02   8.8710838e+02   9.4518661e+02   1.0414002e+03   1.2164111e+03   1.5663621e+03   2.2001540e+03   3.3612625e+03   5.3258259e+03   8.7686218e+03   1.4546598e+04   2.4221529e+04   3.7704893e+04   5.8721891e+04   8.2448484e+04   1.2187341e+05   1.5405629e+05   2.0164160e+05   2.3562613e+05   2.3562613e+05   2.3562613e+05   2.3562613e+05   2.3562613e+05   2.3562613e+05   2.3562613e+05
   9.5602561e+02   9.5602561e+02   9.5602561e+02   9.5602561e+02   9.5602561e+02   9.5651992e+02   9.6290886e+02   9.7146600e+02   9.8066029e+02   9.9520095e+02   1.0110936e+03   1.0291478e+03   1.0435030e+03   1.0544063e+03   1.0649991e+03   1.0921658e+03   1.1592345e+03   1.3472098e+03   1.7185007e+03   2.4313226e+03   3.6907269e+03   5.9287807e+03   9.9200350e+03   1.6461405e+04   2.6778264e+04   4.2373897e+04   6.4628918e+04   9.8233775e+04   1.3884713e+05   1.9442693e+05   2.1113160e+05   2.1113160e+05   2.1113160e+05   2.1113160e+05   2.1113160e+05   2.1113160e+05   2.1113160e+05
   1.2107520e+03   1.2107520e+03   1.2107520e+03   1.2107520e+03   1.2107520e+03   1.2078375e+03   1.1964615e+03   1.1837833e+03   1.1717024e+03   1.1608825e+03   1.1625334e+03   1.1533401e+03   1.1493789e+03   1.1258700e+03   1.0974732e+03   1.0641408e+03   1.0568148e+03   1.0989496e+03   1.2625118e+03   1.5887553e+03   2.2575183e+03   3.4998778e+03   5.9522260e+03   1.0297965e+04   1.7969112e+04   3.0609502e+04   5.2093999e+04   8.2761640e+04   1.3334653e+05   1.8635570e+05   1.8635570e+05   1.8635570e+05   1.8635570e+05   1.8635570e+05   1.8635570e+05   1.8635570e+05   1.8635570e+05
   1.5684639e+03   1.5684639e+03   1.5684639e+03   1.5684639e+03   1.5684639e+03   1.5335173e+03   1.4706712e+03   1.3848923e+03   1.3107070e+03   1.2224523e+03   1.1786574e+03   1.1239157e+03   1.0954534e+03   1.0580021e+03   1.0266026e+03   9.9676139e+02   1.0083747e+03   1.0686846e+03   1.2512977e+03   1.6061046e+03   2.2941353e+03   3.6164282e+03   6.1129398e+03   1.0511800e+04   1.8230759e+04   3.0756757e+04   5.1698581e+04   8.1779846e+04   1.2914739e+05   1.6209306e+05   1.6209306e+05   1.6209306e+05   1.6209306e+05   1.6209306e+05   1.6209306e+05   1.6209306e+05   1.6209306e+05
   1.9473715e+03   1.9473715e+03   1.9473715e+03   1.9473715e+03   1.9473715e+03   1.8437914e+03   1.7242016e+03   1.5422349e+03   1.4120143e+03   1.2552301e+03   1.1606783e+03   1.0832548e+03   1.0212789e+03   9.8491454e+02   9.4995205e+02   9.3113320e+02   9.5696671e+02   1.0353202e+03   1.2255984e+03   1.5944700e+03   2.2753795e+03   3.6095249e+03   6.0424267e+03   1.0313076e+04   1.7711686e+04   2.9748788e+04   4.9270018e+04   7.8200516e+04   1.2042108e+05   1.3639277e+05   1.3639277e+05   1.3639277e+05   1.3639277e+05   1.3639277e+05   1.3639277e+05   1.3639277e+05   1.3639277e+05
   2.3487309e+03   2.3487309e+03   2.3487309e+03   2.3487309e+03   2.3125623e+03   2.1465885e+03   1.9432521e+03   1.6955854e+03   1.4578802e+03   1.2732653e+03   1.1097331e+03   1.0253546e+03   9.4432056e+02   9.0649083e+02   8.7590935e+02   8.7195076e+02   9.0329419e+02   9.9500336e+02   1.1789248e+03   1.5338402e+03   2.1770090e+03   3.4153598e+03   5.6308109e+03   9.5060411e+03   1.6057895e+04   2.7053619e+04   4.3919721e+04   7.0842689e+04   1.0542303e+05   1.0916964e+05   1.0916964e+05   1.0916964e+05   1.0916964e+05   1.0916964e+05   1.0916964e+05   1.0916964e+05   1.0916964e+05
   2.7738723e+03   2.7738723e+03   2.7738723e+03   2.7738723e+03   2.6645202e+03   2.4289866e+03   2.1169960e+03   1.8131258e+03   1.4591176e+03   1.2570049e+03   1.0367037e+03   9.4546599e+02   8.6022085e+02   8.2122160e+02   8.0297731e+02   8.0849111e+02   8.4806354e+02   9.3677667e+02   1.1027478e+03   1.4031646e+03   1.9443409e+03   2.9510783e+03   4.7336050e+03   7.8241900e+03   1.3039720e+04   2.1848670e+04   3.5457295e+04   5.7583194e+04   8.0333439e+04   8.0333439e+04   8.0333439e+04   8.0333439e+04   8.0333439e+04   8.0333439e+04   8.0333439e+04   8.0333439e+04   8.0333439e+04
   2.7965719e+03   2.7965719e+03   2.7965719e+03   2.7965719e+03   2.6033985e+03   2.3470033e+03   1.9721402e+03   1.6727682e+03   1.3188972e+03   1.1033709e+03   9.2044048e+02   8.0642130e+02   7.5308614e+02   7.1480610e+02   7.1522714e+02   7.2830181e+02   7.7186287e+02   8.5156342e+02   9.9433924e+02   1.2353269e+03   1.6622845e+03   2.4402149e+03   3.7979857e+03   6.1455720e+03   1.0132707e+04   1.7036082e+04   2.7765172e+04   4.6293383e+04   5.7698452e+04   5.7698452e+04   5.7698452e+04   5.7698452e+04   5.7698452e+04   5.7698452e+04   5.7698452e+04   5.7698452e+04   5.7698452e+04
   2.1039653e+03   2.1039653e+03   2.1039653e+03   2.0796475e+03   1.9076421e+03   1.7011023e+03   1.4295332e+03   1.1902241e+03   9.7273380e+02   8.0622534e+02   7.0912994e+02   6.3224819e+02   6.0733498e+02   5.9100965e+02   5.9839025e+02   6.2050255e+02   6.6456358e+02   7.4316261e+02   8.7842650e+02   1.1089396e+03   1.5222534e+03   2.2648990e+03   3.5436298e+03   5.7620863e+03   9.4975821e+03   1.5854884e+04   2.6025376e+04   4.2845812e+04   4.6978058e+04   4.6978058e+04   4.6978058e+04   4.6978058e+04   4.6978058e+04   4.6978058e+04   4.6978058e+04   4.6978058e+04   4.6978058e+04
   1.3703192e+03   1.3703192e+03   1.3703192e+03   1.3274253e+03   1.2133087e+03   1.0674130e+03   9.1575907e+02   7.4176862e+02   6.4453523e+02   5.3629492e+02   5.0169420e+02   4.6836712e+02   4.6146365e+02   4.6668858e+02   4.7750098e+02   5.0463410e+02   5.4580574e+02   6.1648602e+02   7.3552392e+02   9.4012731e+02   1.3085455e+03   1.9589702e+03   3.0694277e+03   4.9869929e+03   8.2190859e+03   1.3639216e+04   2.2729297e+04   3.5622440e+04   3.5622440e+04   3.5622440e+04   3.5622440e+04   3.5622440e+04   3.5622440e+04   3.5622440e+04   3.5622440e+04   3.5622440e+04   3.5622440e+04
   5.9320179e+02   5.9320179e+02   5.9320179e+02   5.6637725e+02   5.2507270e+02   4.6766928e+02   4.1868590e+02   3.6301539e+02   3.3312195e+02   3.1003165e+02   3.0414403e+02   3.0972619e+02   3.1855550e+02   3.3538921e+02   3.5314689e+02   3.7737873e+02   4.1263526e+02   4.6610120e+02   5.5660747e+02   7.1321410e+02   9.9006656e+02   1.4725703e+03   2.2829577e+03   3.6745574e+03   6.0355812e+03   1.0057129e+04   1.7239776e+04   2.3593960e+04   2.3593960e+04   2.3593960e+04   2.3593960e+04   2.3593960e+04   2.3593960e+04   2.3593960e+04   2.3593960e+04   2.3593960e+04   2.3593960e+04
   2.1607904e+02   2.1607904e+02   2.1543994e+02   2.0776409e+02   1.9842026e+02   1.9333624e+02   1.8966792e+02   1.9032557e+02   1.9745146e+02   2.1171077e+02   2.3358595e+02   2.6557988e+02   3.0512700e+02   3.5688937e+02   4.2434702e+02   5.0452539e+02   6.0974569e+02   7.1928637e+02   8.6722084e+02   1.0335005e+03   1.2881061e+03   1.6654297e+03   2.2706239e+03   3.2930031e+03   5.0213914e+03   8.1748050e+03   1.3891240e+04   1.6351388e+04   1.6351388e+04   1.6351388e+04   1.6351388e+04   1.6351388e+04   1.6351388e+04   1.6351388e+04   1.6351388e+04   1.6351388e+04   1.6351388e+04
   2.6824478e+02   2.6824478e+02   2.6000865e+02   2.4034613e+02   2.2037327e+02   2.0795409e+02   2.0276284e+02   2.0403764e+02   2.1822163e+02   2.4372037e+02   2.8825705e+02   3.5272191e+02   4.4970542e+02   5.7513022e+02   7.6738342e+02   9.6530931e+02   1.2552718e+03   1.4827785e+03   1.7756135e+03   2.0255045e+03   2.3321209e+03   2.7354697e+03   3.3162080e+03   4.2833758e+03   5.9175497e+03   8.9124056e+03   1.4247252e+04   1.4247252e+04   1.4247252e+04   1.4247252e+04   1.4247252e+04   1.4247252e+04   1.4247252e+04   1.4247252e+04   1.4247252e+04   1.4247252e+04   1.4247252e+04
   3.2350153e+02   3.2350153e+02   3.0057852e+02   2.6513363e+02   2.4019802e+02   2.2047806e+02   2.1663137e+02   2.2113358e+02   2.4505017e+02   2.8752853e+02   3.6332647e+02   4.7133204e+02   6.4216430e+02   8.6493427e+02   1.1938876e+03   1.5497881e+03   1.9948459e+03   2.3956779e+03   2.7698032e+03   3.1235404e+03   3.4291794e+03   3.8244847e+03   4.3371466e+03   5.1761057e+03   6.6005776e+03   9.1449298e+03   1.2018439e+04   1.2018439e+04   1.2018439e+04   1.2018439e+04   1.2018439e+04   1.2018439e+04   1.2018439e+04   1.2018439e+04   1.2018439e+04   1.2018439e+04   1.2018439e+04
   3.5367465e+02   3.5367465e+02   3.1987000e+02   2.7542708e+02   2.6070244e+02   2.4357150e+02   2.4592668e+02   2.5874778e+02   2.8996244e+02   3.4621956e+02   4.4457502e+02   5.7958219e+02   7.9667921e+02   1.0825904e+03   1.4686487e+03   1.9354487e+03   2.3995516e+03   2.9280831e+03   3.2793885e+03   3.6980983e+03   3.9714412e+03   4.3480279e+03   4.7953831e+03   5.5115054e+03   6.6980523e+03   8.7375485e+03   9.9319272e+03   9.9319272e+03   9.9319272e+03   9.9319272e+03   9.9319272e+03   9.9319272e+03   9.9319272e+03   9.9319272e+03   9.9319272e+03   9.9319272e+03   9.9319272e+03
   3.2817035e+02   3.2347629e+02   3.0966088e+02   2.9721797e+02   2.9540499e+02   3.0038886e+02   3.0955142e+02   3.2894935e+02   3.5737210e+02   4.0330315e+02   4.7538891e+02   5.8120787e+02   7.3439110e+02   9.6215306e+02   1.2256703e+03   1.5970967e+03   1.9214839e+03   2.3337933e+03   2.6391988e+03   2.9972385e+03   3.3169949e+03   3.7087475e+03   4.2085549e+03   4.9360554e+03   6.1163409e+03   8.0229783e+03   8.2777722e+03   8.2777722e+03   8.2777722e+03   8.2777722e+03   8.2777722e+03   8.2777722e+03   8.2777722e+03   8.2777722e+03   8.2777722e+03   8.2777722e+03   8.2777722e+03
   3.0115482e+02   3.0477328e+02   3.1335149e+02   3.2948397e+02   3.4493898e+02   3.6466970e+02   3.8208788e+02   3.9989313e+02   4.2144212e+02   4.4728841e+02   4.8564245e+02   5.4153695e+02   6.2181297e+02   7.4591138e+02   8.9897112e+02   1.1232272e+03   1.3536633e+03   1.6609781e+03   1.9366647e+03   2.2715743e+03   2.6295000e+03   3.0325907e+03   3.5681961e+03   4.2511355e+03   5.3242233e+03   6.5256024e+03   6.5256024e+03   6.5256024e+03   6.5256024e+03   6.5256024e+03   6.5256024e+03   6.5256024e+03   6.5256024e+03   6.5256024e+03   6.5256024e+03   6.5256024e+03   6.5256024e+03
   2.5785417e+02   2.7010877e+02   2.8756066e+02   3.0938314e+02   3.3589439e+02   3.6164997e+02   3.9534558e+02   4.2754544e+02   4.7331316e+02   5.1330794e+02   5.6710657e+02   6.2142491e+02   6.9153713e+02   7.8863985e+02   9.1423817e+02   1.1030216e+03   1.3373193e+03   1.6501717e+03   2.0306123e+03   2.4581982e+03   3.0010059e+03   3.4875729e+03   4.1459846e+03   4.8350695e+03   5.8777556e+03   6.4886452e+03   6.4886452e+03   6.4886452e+03   6.4886452e+03   6.4886452e+03   6.4886452e+03   6.4886452e+03   6.4886452e+03   6.4886452e+03   6.4886452e+03   6.4886452e+03   6.4886452e+03
   2.0625990e+02   2.1987996e+02   2.3633122e+02   2.5787188e+02   2.8872118e+02   3.2718404e+02   3.8456900e+02   4.5096993e+02   5.4099581e+02   6.2413912e+02   7.1470240e+02   8.0422986e+02   8.9290794e+02   1.0103894e+03   1.1601377e+03   1.3784115e+03   1.6870273e+03   2.0886037e+03   2.6670220e+03   3.2503439e+03   4.0236507e+03   4.6448971e+03   5.4156609e+03   6.1887750e+03   7.2078497e+03   7.4183803e+03   7.4183803e+03   7.4183803e+03   7.4183803e+03   7.4183803e+03   7.4183803e+03   7.4183803e+03   7.4183803e+03   7.4183803e+03   7.4183803e+03   7.4183803e+03   7.4183803e+03
   1.6498747e+02   1.7652709e+02   1.9214573e+02   2.1397620e+02   2.5027106e+02   2.9933375e+02   3.7408389e+02   4.6633136e+02   5.7131026e+02   6.9069153e+02   7.8370516e+02   8.9966878e+02   9.8588618e+02   1.1147548e+03   1.2794420e+03   1.5197581e+03   1.8869678e+03   2.3571382e+03   3.0874956e+03   3.7476630e+03   4.6570434e+03   5.3447459e+03   6.1895238e+03   7.0961859e+03   8.0464802e+03   8.0464802e+03   8.0464802e+03   8.0464802e+03   8.0464802e+03   8.0464802e+03   8.0464802e+03   8.0464802e+03   8.0464802e+03   8.0464802e+03   8.0464802e+03   8.0464802e+03   8.0464802e+03
   1.4455248e+02   1.5220984e+02   1.6568073e+02   1.8551641e+02   2.1766380e+02   2.6416954e+02   3.2548603e+02   4.0940110e+02   4.8564957e+02   5.7945939e+02   6.5275566e+02   7.3931128e+02   8.2426381e+02   9.3660739e+02   1.0988326e+03   1.3193208e+03   1.6539373e+03   2.0899756e+03   2.6836668e+03   3.3555186e+03   4.1055106e+03   4.9402562e+03   5.8704389e+03   7.1451945e+03   7.9967888e+03   7.9967888e+03   7.9967888e+03   7.9967888e+03   7.9967888e+03   7.9967888e+03   7.9967888e+03   7.9967888e+03   7.9967888e+03   7.9967888e+03   7.9967888e+03   7.9967888e+03   7.9967888e+03
   1.1996880e+02   1.2468129e+02   1.3511773e+02   1.5234891e+02   1.7930744e+02   2.1789437e+02   2.6537180e+02   3.2782471e+02   3.8220324e+02   4.4557576e+02   5.0211041e+02   5.6425658e+02   6.3964413e+02   7.3769913e+02   8.8313093e+02   1.0783948e+03   1.3613178e+03   1.7471019e+03   2.2238215e+03   2.8561608e+03   3.5564227e+03   4.5190078e+03   5.6757218e+03   7.3640978e+03   7.9441531e+03   7.9441531e+03   7.9441531e+03   7.9441531e+03   7.9441531e+03   7.9441531e+03   7.9441531e+03   7.9441531e+03   7.9441531e+03   7.9441531e+03   7.9441531e+03   7.9441531e+03   7.9441531e+03
   9.0517943e+01   9.3337273e+01   9.9747095e+01   1.1310452e+02   1.3231963e+02   1.5867430e+02   1.8806527e+02   2.2301175e+02   2.5497465e+02   2.8887125e+02   3.2705973e+02   3.6986504e+02   4.3099910e+02   5.1078174e+02   6.3301292e+02   7.8322846e+02   1.0017166e+03   1.3015748e+03   1.6861460e+03   2.2699058e+03   3.0071367e+03   4.1863965e+03   5.6490559e+03   7.8883985e+03   7.8883985e+03   7.8883985e+03   7.8883985e+03   7.8883985e+03   7.8883985e+03   7.8883985e+03   7.8883985e+03   7.8883985e+03   7.8883985e+03   7.8883985e+03   7.8883985e+03   7.8883985e+03   7.8883985e+03
   7.5181279e+01   8.0091048e+01   8.9025725e+01   1.0288744e+02   1.1998045e+02   1.3956422e+02   1.5729657e+02   1.7706253e+02   1.9207778e+02   2.1052603e+02   2.3246686e+02   2.6130114e+02   3.0633561e+02   3.6570341e+02   4.5594028e+02   5.6741915e+02   7.2664119e+02   9.5538708e+02   1.2871318e+03   1.8213975e+03   2.6001779e+03   3.8233156e+03   5.5315976e+03   7.2153842e+03   7.2153842e+03   7.2153842e+03   7.2153842e+03   7.2153842e+03   7.2153842e+03   7.2153842e+03   7.2153842e+03   7.2153842e+03   7.2153842e+03   7.2153842e+03   7.2153842e+03   7.2153842e+03   7.2153842e+03
   8.3518302e+01   9.6280895e+01   1.1658975e+02   1.3749664e+02   1.6000961e+02   1.8332308e+02   2.0064524e+02   2.1894844e+02   2.2943747e+02   2.4006983e+02   2.5160033e+02   2.6621789e+02   2.9242374e+02   3.3371480e+02   3.9313914e+02   4.8461646e+02   6.0727896e+02   8.0594459e+02   1.0918395e+03   1.5597679e+03   2.2627840e+03   3.3251573e+03   4.9306197e+03   5.7692546e+03   5.7692546e+03   5.7692546e+03   5.7692546e+03   5.7692546e+03   5.7692546e+03   5.7692546e+03   5.7692546e+03   5.7692546e+03   5.7692546e+03   5.7692546e+03   5.7692546e+03   5.7692546e+03   5.7692546e+03
   9.6068798e+01   1.1992854e+02   1.4808737e+02   1.7917777e+02   2.0343806e+02   2.2919508e+02   2.4563519e+02   2.5973141e+02   2.6430826e+02   2.6487196e+02   2.6009692e+02   2.5983667e+02   2.6170139e+02   2.8113765e+02   3.0998487e+02   3.6758544e+02   4.5338753e+02   5.9765314e+02   8.2487165e+02   1.1883807e+03   1.7711490e+03   2.6455601e+03   4.0545164e+03   4.2374365e+03   4.2374365e+03   4.2374365e+03   4.2374365e+03   4.2374365e+03   4.2374365e+03   4.2374365e+03   4.2374365e+03   4.2374365e+03   4.2374365e+03   4.2374365e+03   4.2374365e+03   4.2374365e+03   4.2374365e+03
   1.0623350e+02   1.3983940e+02   1.7186900e+02   2.1164720e+02   2.3736369e+02   2.6758130e+02   2.8666710e+02   3.0217622e+02   3.0672082e+02   3.0367185e+02   2.9061257e+02   2.7819538e+02   2.6382274e+02   2.5874556e+02   2.6342102e+02   2.8513269e+02   3.3307809e+02   4.2367366e+02   5.8083087e+02   8.4472237e+02   1.2844353e+03   2.0015411e+03   2.9313230e+03   2.9313230e+03   2.9313230e+03   2.9313230e+03   2.9313230e+03   2.9313230e+03   2.9313230e+03   2.9313230e+03   2.9313230e+03   2.9313230e+03   2.9313230e+03   2.9313230e+03   2.9313230e+03   2.9313230e+03   2.9313230e+03
   9.8705333e+01   1.3309472e+02   1.6623053e+02   2.0857499e+02   2.4447723e+02   2.8555808e+02   3.2476233e+02   3.5799210e+02   3.8713559e+02   3.9791316e+02   4.0366326e+02   3.9205877e+02   3.8004794e+02   3.6230785e+02   3.5275361e+02   3.4807010e+02   3.7426807e+02   4.3050827e+02   5.6273331e+02   7.8343734e+02   1.1801147e+03   1.8284714e+03   2.3239026e+03   2.3239026e+03   2.3239026e+03   2.3239026e+03   2.3239026e+03   2.3239026e+03   2.3239026e+03   2.3239026e+03   2.3239026e+03   2.3239026e+03   2.3239026e+03   2.3239026e+03   2.3239026e+03   2.3239026e+03   2.3239026e+03
   8.9838003e+01   1.2449730e+02   1.6177605e+02   2.0988987e+02   2.5870994e+02   3.1417541e+02   3.7825233e+02   4.2930020e+02   4.8381192e+02   5.0786727e+02   5.2560106e+02   5.1554294e+02   4.9720755e+02   4.6329823e+02   4.3270135e+02   3.9836970e+02   3.9435067e+02   4.1545571e+02   5.0188996e+02   6.6953531e+02   9.7866427e+02   1.5270908e+03   1.6804902e+03   1.6804902e+03   1.6804902e+03   1.6804902e+03   1.6804902e+03   1.6804902e+03   1.6804902e+03   1.6804902e+03   1.6804902e+03   1.6804902e+03   1.6804902e+03   1.6804902e+03   1.6804902e+03   1.6804902e+03   1.6804902e+03
   8.3817760e+01   1.1232079e+02   1.4389539e+02   1.8117722e+02   2.2764941e+02   2.7174007e+02   3.3307580e+02   3.7235811e+02   4.1743849e+02   4.3844242e+02   4.4789010e+02   4.4093043e+02   4.2257181e+02   3.9206575e+02   3.6624448e+02   3.4224784e+02   3.4018299e+02   3.7142799e+02   4.4855993e+02   6.0324583e+02   8.7780540e+02   1.3045639e+03   1.3045639e+03   1.3045639e+03   1.3045639e+03   1.3045639e+03   1.3045639e+03   1.3045639e+03   1.3045639e+03   1.3045639e+03   1.3045639e+03   1.3045639e+03   1.3045639e+03   1.3045639e+03   1.3045639e+03   1.3045639e+03   1.3045639e+03
   7.4512368e+01   8.8639790e+01   1.0527363e+02   1.2156287e+02   1.4271927e+02   1.6342988e+02   1.8738938e+02   2.0792097e+02   2.2306185e+02   2.3407951e+02   2.3589786e+02   2.3451761e+02   2.2920876e+02   2.2442022e+02   2.2309995e+02   2.3599953e+02   2.6423867e+02   3.2434759e+02   4.2772518e+02   5.8638019e+02   8.5915306e+02   1.1009761e+03   1.1009761e+03   1.1009761e+03   1.1009761e+03   1.1009761e+03   1.1009761e+03   1.1009761e+03   1.1009761e+03   1.1009761e+03   1.1009761e+03   1.1009761e+03   1.1009761e+03   1.1009761e+03   1.1009761e+03   1.1009761e+03   1.1009761e+03
   6.2589231e+01   6.4591169e+01   6.5760180e+01   6.6337113e+01   6.7047243e+01   6.7577878e+01   6.8435178e+01   6.9532097e+01   7.0931822e+01   7.3123802e+01   7.6316531e+01   8.1656785e+01   9.0120362e+01   1.0411095e+02   1.2652121e+02   1.5953915e+02   2.1109318e+02   2.8122003e+02   3.9128949e+02   5.4021397e+02   7.8235124e+02   8.7715319e+02   8.7715319e+02   8.7715319e+02   8.7715319e+02   8.7715319e+02   8.7715319e+02   8.7715319e+02   8.7715319e+02   8.7715319e+02   8.7715319e+02   8.7715319e+02   8.7715319e+02   8.7715319e+02   8.7715319e+02   8.7715319e+02   8.7715319e+02
   6.1212988e+01   5.8966155e+01   5.6453570e+01   5.4680411e+01   5.2703024e+01   5.1943494e+01   5.1212851e+01   5.1296917e+01   5.2089536e+01   5.4325826e+01   5.8073952e+01   6.4311094e+01   7.3018213e+01   8.6100290e+01   1.0567283e+02   1.3177986e+02   1.7273892e+02   2.2716063e+02   3.1087529e+02   4.3238716e+02   6.2026241e+02   6.2026241e+02   6.2026241e+02   6.2026241e+02   6.2026241e+02   6.2026241e+02   6.2026241e+02   6.2026241e+02   6.2026241e+02   6.2026241e+02   6.2026241e+02   6.2026241e+02   6.2026241e+02   6.2026241e+02   6.2026241e+02   6.2026241e+02   6.2026241e+02
   5.6949822e+01   5.2415601e+01   4.7108218e+01   4.3652001e+01   4.0073634e+01   3.8071938e+01   3.6667412e+01   3.6179531e+01   3.7539272e+01   4.0715121e+01   4.6269823e+01   5.4499835e+01   6.5562831e+01   7.9362362e+01   9.8125309e+01   1.2021943e+02   1.5219609e+02   1.9291998e+02   2.5256454e+02   3.3986306e+02   4.2224487e+02   4.2224487e+02   4.2224487e+02   4.2224487e+02   4.2224487e+02   4.2224487e+02   4.2224487e+02   4.2224487e+02   4.2224487e+02   4.2224487e+02   4.2224487e+02   4.2224487e+02   4.2224487e+02   4.2224487e+02   4.2224487e+02   4.2224487e+02   4.2224487e+02
   5.2745494e+01   4.8647222e+01   4.3374614e+01   4.0012078e+01   3.6785424e+01   3.4872232e+01   3.4580307e+01   3.5811892e+01   3.9899323e+01   4.7064041e+01   5.8245685e+01   7.4028154e+01   9.6131153e+01   1.2102407e+02   1.5583599e+02   1.8800163e+02   2.3185817e+02   2.7416167e+02   3.2862603e+02   4.0186719e+02   4.3888834e+02   4.3888834e+02   4.3888834e+02   4.3888834e+02   4.3888834e+02   4.3888834e+02   4.3888834e+02   4.3888834e+02   4.3888834e+02   4.3888834e+02   4.3888834e+02   4.3888834e+02   4.3888834e+02   4.3888834e+02   4.3888834e+02   4.3888834e+02   4.3888834e+02
   4.9849957e+01   4.6093448e+01   4.1981057e+01   3.8464887e+01   3.6039933e+01   3.4184392e+01   3.4669014e+01   3.6912025e+01   4.2483554e+01   5.1722869e+01   6.7130821e+01   8.6710591e+01   1.1581671e+02   1.4628924e+02   1.8610666e+02   2.2529688e+02   2.6704695e+02   3.1130562e+02   3.5455410e+02   4.1659367e+02   4.2454637e+02   4.2454637e+02   4.2454637e+02   4.2454637e+02   4.2454637e+02   4.2454637e+02   4.2454637e+02   4.2454637e+02   4.2454637e+02   4.2454637e+02   4.2454637e+02   4.2454637e+02   4.2454637e+02   4.2454637e+02   4.2454637e+02   4.2454637e+02   4.2454637e+02
   4.8587743e+01   4.5953037e+01   4.3790568e+01   4.0698699e+01   3.8795734e+01   3.6687242e+01   3.6610464e+01   3.7814916e+01   4.2459691e+01   5.0269728e+01   6.4355521e+01   8.2353608e+01   1.0797552e+02   1.3621157e+02   1.6834409e+02   2.0349736e+02   2.3635360e+02   2.7564633e+02   3.1625549e+02   3.6422527e+02   3.6422527e+02   3.6422527e+02   3.6422527e+02   3.6422527e+02   3.6422527e+02   3.6422527e+02   3.6422527e+02   3.6422527e+02   3.6422527e+02   3.6422527e+02   3.6422527e+02   3.6422527e+02   3.6422527e+02   3.6422527e+02   3.6422527e+02   3.6422527e+02   3.6422527e+02
   4.8240841e+01   4.6933523e+01   4.5958804e+01   4.3658609e+01   4.1502443e+01   3.8870536e+01   3.7848764e+01   3.7766792e+01   4.1056466e+01   4.7516473e+01   5.9268778e+01   7.5463637e+01   9.6882969e+01   1.2155785e+02   1.4613774e+02   1.7505176e+02   2.0056602e+02   2.3366512e+02   2.7285456e+02   3.0032992e+02   3.0032992e+02   3.0032992e+02   3.0032992e+02   3.0032992e+02   3.0032992e+02   3.0032992e+02   3.0032992e+02   3.0032992e+02   3.0032992e+02   3.0032992e+02   3.0032992e+02   3.0032992e+02   3.0032992e+02   3.0032992e+02   3.0032992e+02   3.0032992e+02   3.0032992e+02
   4.8670316e+01   4.9303419e+01   4.8668393e+01   4.6873728e+01   4.4127495e+01   4.0712067e+01   3.8103557e+01   3.6786190e+01   3.7852933e+01   4.2862635e+01   5.1782210e+01   6.4825338e+01   8.1359263e+01   9.9516376e+01   1.1764911e+02   1.3780741e+02   1.5829700e+02   1.8552849e+02   2.2262089e+02   2.3264853e+02   2.3264853e+02   2.3264853e+02   2.3264853e+02   2.3264853e+02   2.3264853e+02   2.3264853e+02   2.3264853e+02   2.3264853e+02   2.3264853e+02   2.3264853e+02   2.3264853e+02   2.3264853e+02   2.3264853e+02   2.3264853e+02   2.3264853e+02   2.3264853e+02   2.3264853e+02
   4.6697902e+01   4.8429150e+01   4.7995218e+01   4.7038092e+01   4.4708977e+01   4.2405562e+01   3.9508383e+01   3.8909588e+01   3.9093498e+01   4.3400298e+01   5.0137154e+01   6.0241504e+01   7.1258106e+01   8.5040431e+01   9.6378402e+01   1.1195066e+02   1.2780505e+02   1.5204772e+02   1.8292030e+02   1.8292030e+02   1.8292030e+02   1.8292030e+02   1.8292030e+02   1.8292030e+02   1.8292030e+02   1.8292030e+02   1.8292030e+02   1.8292030e+02   1.8292030e+02   1.8292030e+02   1.8292030e+02   1.8292030e+02   1.8292030e+02   1.8292030e+02   1.8292030e+02   1.8292030e+02   1.8292030e+02
   4.2038696e+01   4.3811762e+01   4.4575631e+01   4.5332241e+01   4.4900310e+01   4.4978070e+01   4.4327520e+01   4.4784403e+01   4.5980812e+01   4.9213854e+01   5.3780222e+01   6.0738030e+01   6.6985134e+01   7.5523308e+01   8.3714474e+01   9.4854838e+01   1.0974881e+02   1.3107393e+02   1.4909592e+02   1.4909592e+02   1.4909592e+02   1.4909592e+02   1.4909592e+02   1.4909592e+02   1.4909592e+02   1.4909592e+02   1.4909592e+02   1.4909592e+02   1.4909592e+02   1.4909592e+02   1.4909592e+02   1.4909592e+02   1.4909592e+02   1.4909592e+02   1.4909592e+02   1.4909592e+02   1.4909592e+02
   3.7262970e+01   3.9678592e+01   4.2060932e+01   4.4718331e+01   4.6958323e+01   4.8747269e+01   5.0394100e+01   5.1257659e+01   5.2563302e+01   5.3899306e+01   5.5552900e+01   5.7505724e+01   5.9682738e+01   6.2615856e+01   6.7762483e+01   7.5245018e+01   8.7728537e+01   1.0597262e+02   1.1326732e+02   1.1326732e+02   1.1326732e+02   1.1326732e+02   1.1326732e+02   1.1326732e+02   1.1326732e+02   1.1326732e+02   1.1326732e+02   1.1326732e+02   1.1326732e+02   1.1326732e+02   1.1326732e+02   1.1326732e+02   1.1326732e+02   1.1326732e+02   1.1326732e+02   1.1326732e+02   1.1326732e+02
   3.2835091e+01   3.5855694e+01   3.9846942e+01   4.3456191e+01   4.7850302e+01   5.0322155e+01   5.2944545e+01   5.3962046e+01   5.4532096e+01   5.4385872e+01   5.3581860e+01   5.2199192e+01   5.1821358e+01   5.2224003e+01   5.5500865e+01   6.1666082e+01   7.2660078e+01   8.8434561e+01   8.8434561e+01   8.8434561e+01   8.8434561e+01   8.8434561e+01   8.8434561e+01   8.8434561e+01   8.8434561e+01   8.8434561e+01   8.8434561e+01   8.8434561e+01   8.8434561e+01   8.8434561e+01   8.8434561e+01   8.8434561e+01   8.8434561e+01   8.8434561e+01   8.8434561e+01   8.8434561e+01   8.8434561e+01
   2.8861835e+01   3.1897623e+01   3.5813087e+01   3.9418885e+01   4.3336102e+01   4.6072849e+01   4.8301596e+01   4.9397848e+01   4.9782989e+01   4.9600965e+01   4.8881760e+01   4.8292669e+01   4.8514447e+01   5.0533883e+01   5.4694334e+01   6.2089986e+01   7.3437819e+01   8.4345672e+01   8.4345672e+01   8.4345672e+01   8.4345672e+01   8.4345672e+01   8.4345672e+01   8.4345672e+01   8.4345672e+01   8.4345672e+01   8.4345672e+01   8.4345672e+01   8.4345672e+01   8.4345672e+01   8.4345672e+01   8.4345672e+01   8.4345672e+01   8.4345672e+01   8.4345672e+01   8.4345672e+01   8.4345672e+01
   2.4609133e+01   2.7701927e+01   3.1451459e+01   3.5055671e+01   3.8662548e+01   4.1496753e+01   4.3605495e+01   4.4530041e+01   4.4819070e+01   4.4594993e+01   4.4205670e+01   4.4505720e+01   4.5630978e+01   4.9142357e+01   5.4193390e+01   6.2425550e+01   7.3969867e+01   8.0014502e+01   8.0014502e+01   8.0014502e+01   8.0014502e+01   8.0014502e+01   8.0014502e+01   8.0014502e+01   8.0014502e+01   8.0014502e+01   8.0014502e+01   8.0014502e+01   8.0014502e+01   8.0014502e+01   8.0014502e+01   8.0014502e+01   8.0014502e+01   8.0014502e+01   8.0014502e+01   8.0014502e+01   8.0014502e+01
   1.9928417e+01   2.3082475e+01   2.6734347e+01   3.0278781e+01   3.3711025e+01   3.6434991e+01   3.8414854e+01   3.9295013e+01   3.9560805e+01   3.9410782e+01   3.9659702e+01   4.0889532e+01   4.3392887e+01   4.7762902e+01   5.4093722e+01   6.2334683e+01   7.3950457e+01   7.5426693e+01   7.5426693e+01   7.5426693e+01   7.5426693e+01   7.5426693e+01   7.5426693e+01   7.5426693e+01   7.5426693e+01   7.5426693e+01   7.5426693e+01   7.5426693e+01   7.5426693e+01   7.5426693e+01   7.5426693e+01   7.5426693e+01   7.5426693e+01   7.5426693e+01   7.5426693e+01   7.5426693e+01   7.5426693e+01
   1.4992641e+01   1.7969637e+01   2.1698662e+01   2.5068079e+01   2.8454586e+01   3.1254121e+01   3.2899456e+01   3.3831489e+01   3.4025964e+01   3.4217410e+01   3.5357748e+01   3.7579342e+01   4.1598917e+01   4.6600927e+01   5.3782339e+01   6.1649654e+01   7.0567040e+01   7.0567040e+01   7.0567040e+01   7.0567040e+01   7.0567040e+01   7.0567040e+01   7.0567040e+01   7.0567040e+01   7.0567040e+01   7.0567040e+01   7.0567040e+01   7.0567040e+01   7.0567040e+01   7.0567040e+01   7.0567040e+01   7.0567040e+01   7.0567040e+01   7.0567040e+01   7.0567040e+01   7.0567040e+01   7.0567040e+01
   1.1189946e+01   1.3977563e+01   1.7190205e+01   2.0699443e+01   2.3360611e+01   2.6364408e+01   2.7288656e+01   2.8205110e+01   2.8434726e+01   2.9264260e+01   3.1115543e+01   3.4213201e+01   3.9229939e+01   4.4410667e+01   5.1508872e+01   5.9072760e+01   6.4098156e+01   6.4098156e+01   6.4098156e+01   6.4098156e+01   6.4098156e+01   6.4098156e+01   6.4098156e+01   6.4098156e+01   6.4098156e+01   6.4098156e+01   6.4098156e+01   6.4098156e+01   6.4098156e+01   6.4098156e+01   6.4098156e+01   6.4098156e+01   6.4098156e+01   6.4098156e+01   6.4098156e+01   6.4098156e+01   6.4098156e+01
   9.4799520e+00   1.1918900e+01   1.4244016e+01   1.6948707e+01   1.8900598e+01   2.0881888e+01   2.1719414e+01   2.2467329e+01   2.3015818e+01   2.4371068e+01   2.6531694e+01   2.9881084e+01   3.4465690e+01   3.9751345e+01   4.5859461e+01   5.3165445e+01   5.5031693e+01   5.5031693e+01   5.5031693e+01   5.5031693e+01   5.5031693e+01   5.5031693e+01   5.5031693e+01   5.5031693e+01   5.5031693e+01   5.5031693e+01   5.5031693e+01   5.5031693e+01   5.5031693e+01   5.5031693e+01   5.5031693e+01   5.5031693e+01   5.5031693e+01   5.5031693e+01   5.5031693e+01   5.5031693e+01   5.5031693e+01
   7.3572016e+00   9.2079495e+00   1.0718554e+01   1.2462544e+01   1.3806600e+01   1.4908899e+01   1.5763564e+01   1.6535459e+01   1.7531377e+01   1.9234649e+01   2.1734142e+01   2.5043742e+01   2.9347208e+01   3.4180079e+01   3.9549213e+01   4.5428009e+01   4.5428009e+01   4.5428009e+01   4.5428009e+01   4.5428009e+01   4.5428009e+01   4.5428009e+01   4.5428009e+01   4.5428009e+01   4.5428009e+01   4.5428009e+01   4.5428009e+01   4.5428009e+01   4.5428009e+01   4.5428009e+01   4.5428009e+01   4.5428009e+01   4.5428009e+01   4.5428009e+01   4.5428009e+01   4.5428009e+01   4.5428009e+01
   4.6816992e+00   5.6426809e+00   6.4338491e+00   7.1828184e+00   7.9181015e+00   8.5460158e+00   9.4000912e+00   1.0418549e+01   1.2024807e+01   1.3852205e+01   1.6538415e+01   1.9602068e+01   2.3350346e+01   2.7647716e+01   3.2086255e+01   3.5255271e+01   3.5255271e+01   3.5255271e+01   3.5255271e+01   3.5255271e+01   3.5255271e+01   3.5255271e+01   3.5255271e+01   3.5255271e+01   3.5255271e+01   3.5255271e+01   3.5255271e+01   3.5255271e+01   3.5255271e+01   3.5255271e+01   3.5255271e+01   3.5255271e+01   3.5255271e+01   3.5255271e+01   3.5255271e+01   3.5255271e+01   3.5255271e+01
   2.7863576e+00   3.2721747e+00   3.5294072e+00   3.8629109e+00   4.2151130e+00   4.7630570e+00   5.6313095e+00   6.7763688e+00   8.4869124e+00   1.0327638e+01   1.2776705e+01   1.5672654e+01   1.8829024e+01   2.2794487e+01   2.6621661e+01   2.8018428e+01   2.8018428e+01   2.8018428e+01   2.8018428e+01   2.8018428e+01   2.8018428e+01   2.8018428e+01   2.8018428e+01   2.8018428e+01   2.8018428e+01   2.8018428e+01   2.8018428e+01   2.8018428e+01   2.8018428e+01   2.8018428e+01   2.8018428e+01   2.8018428e+01   2.8018428e+01   2.8018428e+01   2.8018428e+01   2.8018428e+01   2.8018428e+01
   2.0720397e+00   2.3837917e+00   2.6167311e+00   2.8825099e+00   3.2264822e+00   3.7274938e+00   4.4986688e+00   5.4969192e+00   6.8647725e+00   8.5693844e+00   1.0580662e+01   1.3418445e+01   1.6190258e+01   2.0114601e+01   2.3935812e+01   2.3935812e+01   2.3935812e+01   2.3935812e+01   2.3935812e+01   2.3935812e+01   2.3935812e+01   2.3935812e+01   2.3935812e+01   2.3935812e+01   2.3935812e+01   2.3935812e+01   2.3935812e+01   2.3935812e+01   2.3935812e+01   2.3935812e+01   2.3935812e+01   2.3935812e+01   2.3935812e+01   2.3935812e+01   2.3935812e+01   2.3935812e+01   2.3935812e+01
   1.2363515e+00   1.4139471e+00   1.5994150e+00   1.8184607e+00   2.1268750e+00   2.5409732e+00   3.1432446e+00   3.9361182e+00   4.9624397e+00   6.3327507e+00   8.0445598e+00   1.0482838e+01   1.3228369e+01   1.6930489e+01   1.9611287e+01   1.9611287e+01   1.9611287e+01   1.9611287e+01   1.9611287e+01   1.9611287e+01   1.9611287e+01   1.9611287e+01   1.9611287e+01   1.9611287e+01   1.9611287e+01   1.9611287e+01   1.9611287e+01   1.9611287e+01   1.9611287e+01   1.9611287e+01   1.9611287e+01   1.9611287e+01   1.9611287e+01   1.9611287e+01   1.9611287e+01   1.9611287e+01   1.9611287e+01
   5.8362265e-01   6.9986626e-01   8.5308335e-01   1.0339246e+00   1.3089057e+00   1.6194173e+00   2.0808310e+00   2.6609343e+00   3.4418882e+00   4.5721418e+00   6.0317162e+00   8.2934403e+00   1.0862445e+01   1.4434917e+01   1.5849034e+01   1.5849034e+01   1.5849034e+01   1.5849034e+01   1.5849034e+01   1.5849034e+01   1.5849034e+01   1.5849034e+01   1.5849034e+01   1.5849034e+01   1.5849034e+01   1.5849034e+01   1.5849034e+01   1.5849034e+01   1.5849034e+01   1.5849034e+01   1.5849034e+01   1.5849034e+01   1.5849034e+01   1.5849034e+01   1.5849034e+01   1.5849034e+01   1.5849034e+01
   5.3308019e-01   6.3420451e-01   7.7685161e-01   9.4823241e-01   1.1894788e+00   1.5067481e+00   1.9169526e+00   2.4993144e+00   3.2032505e+00   4.2532601e+00   5.6427917e+00   7.5826451e+00   1.0165877e+01   1.3185825e+01   1.3522527e+01   1.3522527e+01   1.3522527e+01   1.3522527e+01   1.3522527e+01   1.3522527e+01   1.3522527e+01   1.3522527e+01   1.3522527e+01   1.3522527e+01   1.3522527e+01   1.3522527e+01   1.3522527e+01   1.3522527e+01   1.3522527e+01   1.3522527e+01   1.3522527e+01   1.3522527e+01   1.3522527e+01   1.3522527e+01   1.3522527e+01   1.3522527e+01   1.3522527e+01
   4.6476605e-01   5.5636376e-01   6.8064458e-01   8.4050925e-01   1.0484444e+00   1.3447606e+00   1.7138773e+00   2.2338572e+00   2.8784882e+00   3.7851040e+00   5.0634396e+00   6.6821271e+00   8.9941797e+00   1.1058166e+01   1.1058166e+01   1.1058166e+01   1.1058166e+01   1.1058166e+01   1.1058166e+01   1.1058166e+01   1.1058166e+01   1.1058166e+01   1.1058166e+01   1.1058166e+01   1.1058166e+01   1.1058166e+01   1.1058166e+01   1.1058166e+01   1.1058166e+01   1.1058166e+01   1.1058166e+01   1.1058166e+01   1.1058166e+01   1.1058166e+01   1.1058166e+01   1.1058166e+01   1.1058166e+01
   3.7938201e-01   4.6061913e-01   5.6312315e-01   7.0329997e-01   8.7688824e-01   1.1319682e+00   1.4486623e+00   1.8770581e+00   2.4279024e+00   3.1553275e+00   4.2317510e+00   5.5167157e+00   7.4086896e+00   8.4477830e+00   8.4477830e+00   8.4477830e+00   8.4477830e+00   8.4477830e+00   8.4477830e+00   8.4477830e+00   8.4477830e+00   8.4477830e+00   8.4477830e+00   8.4477830e+00   8.4477830e+00   8.4477830e+00   8.4477830e+00   8.4477830e+00   8.4477830e+00   8.4477830e+00   8.4477830e+00   8.4477830e+00   8.4477830e+00   8.4477830e+00   8.4477830e+00   8.4477830e+00   8.4477830e+00
   2.7988015e-01   3.3987520e-01   4.1834778e-01   5.2092481e-01   6.6091542e-01   8.6206599e-01   1.1027913e+00   1.4195097e+00   1.7946121e+00   2.3041619e+00   3.0066026e+00   3.9740538e+00   5.3420342e+00   5.6827247e+00   5.6827247e+00   5.6827247e+00   5.6827247e+00   5.6827247e+00   5.6827247e+00   5.6827247e+00   5.6827247e+00   5.6827247e+00   5.6827247e+00   5.6827247e+00   5.6827247e+00   5.6827247e+00   5.6827247e+00   5.6827247e+00   5.6827247e+00   5.6827247e+00   5.6827247e+00   5.6827247e+00   5.6827247e+00   5.6827247e+00   5.6827247e+00   5.6827247e+00   5.6827247e+00
   2.2127239e-01   2.5343245e-01   3.0056078e-01   3.7457478e-01   4.7493461e-01   6.3539186e-01   7.9500991e-01   1.0144621e+00   1.2433037e+00   1.5539514e+00   2.0100065e+00   2.6663762e+00   3.6202140e+00   3.6202140e+00   3.6202140e+00   3.6202140e+00   3.6202140e+00   3.6202140e+00   3.6202140e+00   3.6202140e+00   3.6202140e+00   3.6202140e+00   3.6202140e+00   3.6202140e+00   3.6202140e+00   3.6202140e+00   3.6202140e+00   3.6202140e+00   3.6202140e+00   3.6202140e+00   3.6202140e+00   3.6202140e+00   3.6202140e+00   3.6202140e+00   3.6202140e+00   3.6202140e+00   3.6202140e+00
   2.5118675e-01   2.6176624e-01   2.8136029e-01   3.4064356e-01   4.2810318e-01   5.5604104e-01   7.1253504e-01   8.9238413e-01   1.1285138e+00   1.4274713e+00   1.8918495e+00   2.5673444e+00   3.1720492e+00   3.1720492e+00   3.1720492e+00   3.1720492e+00   3.1720492e+00   3.1720492e+00   3.1720492e+00   3.1720492e+00   3.1720492e+00   3.1720492e+00   3.1720492e+00   3.1720492e+00   3.1720492e+00   3.1720492e+00   3.1720492e+00   3.1720492e+00   3.1720492e+00   3.1720492e+00   3.1720492e+00   3.1720492e+00   3.1720492e+00   3.1720492e+00   3.1720492e+00   3.1720492e+00   3.1720492e+00
   2.6211743e-01   2.4749261e-01   2.4996715e-01   2.8947909e-01   3.6279181e-01   4.6100163e-01   5.9727201e-01   7.5419613e-01   9.7914637e-01   1.2780804e+00   1.7393988e+00   2.4158238e+00   2.6973291e+00   2.6973291e+00   2.6973291e+00   2.6973291e+00   2.6973291e+00   2.6973291e+00   2.6973291e+00   2.6973291e+00   2.6973291e+00   2.6973291e+00   2.6973291e+00   2.6973291e+00   2.6973291e+00   2.6973291e+00   2.6973291e+00   2.6973291e+00   2.6973291e+00   2.6973291e+00   2.6973291e+00   2.6973291e+00   2.6973291e+00   2.6973291e+00   2.6973291e+00   2.6973291e+00   2.6973291e+00
   2.6472115e-01   2.0595251e-01   2.0399715e-01   2.1891938e-01   2.7275170e-01   3.4404695e-01   4.5357917e-01   5.9258025e-01   8.0854004e-01   1.0967089e+00   1.5497994e+00   2.1944800e+00   2.1944800e+00   2.1944800e+00   2.1944800e+00   2.1944800e+00   2.1944800e+00   2.1944800e+00   2.1944800e+00   2.1944800e+00   2.1944800e+00   2.1944800e+00   2.1944800e+00   2.1944800e+00   2.1944800e+00   2.1944800e+00   2.1944800e+00   2.1944800e+00   2.1944800e+00   2.1944800e+00   2.1944800e+00   2.1944800e+00   2.1944800e+00   2.1944800e+00   2.1944800e+00   2.1944800e+00   2.1944800e+00
   2.6330899e-01   1.9905164e-01   1.8843487e-01   1.9190594e-01   2.2346342e-01   2.7291729e-01   3.5868747e-01   4.8051763e-01   6.7554770e-01   9.5466391e-01   1.3703682e+00   1.7695813e+00   1.7695813e+00   1.7695813e+00   1.7695813e+00   1.7695813e+00   1.7695813e+00   1.7695813e+00   1.7695813e+00   1.7695813e+00   1.7695813e+00   1.7695813e+00   1.7695813e+00   1.7695813e+00   1.7695813e+00   1.7695813e+00   1.7695813e+00   1.7695813e+00   1.7695813e+00   1.7695813e+00   1.7695813e+00   1.7695813e+00   1.7695813e+00   1.7695813e+00   1.7695813e+00   1.7695813e+00   1.7695813e+00
   2.8051105e-01   2.3678983e-01   2.2579126e-01   2.2502964e-01   2.3985477e-01   2.7043297e-01   3.3245186e-01   4.3666165e-01   6.0303090e-01   8.6638347e-01   1.2454088e+00   1.4481851e+00   1.4481851e+00   1.4481851e+00   1.4481851e+00   1.4481851e+00   1.4481851e+00   1.4481851e+00   1.4481851e+00   1.4481851e+00   1.4481851e+00   1.4481851e+00   1.4481851e+00   1.4481851e+00   1.4481851e+00   1.4481851e+00   1.4481851e+00   1.4481851e+00   1.4481851e+00   1.4481851e+00   1.4481851e+00   1.4481851e+00   1.4481851e+00   1.4481851e+00   1.4481851e+00   1.4481851e+00   1.4481851e+00
   3.0782418e-01   2.7879852e-01   2.6200340e-01   2.5016160e-01   2.3872772e-01   2.5153587e-01   2.8287443e-01   3.6678685e-01   5.0158475e-01   7.3230515e-01   1.0653096e+00   1.1077449e+00   1.1077449e+00   1.1077449e+00   1.1077449e+00   1.1077449e+00   1.1077449e+00   1.1077449e+00   1.1077449e+00   1.1077449e+00   1.1077449e+00   1.1077449e+00   1.1077449e+00   1.1077449e+00   1.1077449e+00   1.1077449e+00   1.1077449e+00   1.1077449e+00   1.1077449e+00   1.1077449e+00   1.1077449e+00   1.1077449e+00   1.1077449e+00   1.1077449e+00   1.1077449e+00   1.1077449e+00   1.1077449e+00
   3.2899639e-01   3.0482648e-01   2.8086000e-01   2.5629593e-01   2.2843617e-01   2.2650644e-01   2.4321027e-01   3.0572104e-01   4.1780258e-01   6.1025080e-01   8.2560890e-01   8.2560890e-01   8.2560890e-01   8.2560890e-01   8.2560890e-01   8.2560890e-01   8.2560890e-01   8.2560890e-01   8.2560890e-01   8.2560890e-01   8.2560890e-01   8.2560890e-01   8.2560890e-01   8.2560890e-01   8.2560890e-01   8.2560890e-01   8.2560890e-01   8.2560890e-01   8.2560890e-01   8.2560890e-01   8.2560890e-01   8.2560890e-01   8.2560890e-01   8.2560890e-01   8.2560890e-01   8.2560890e-01   8.2560890e-01
   3.1061422e-01   2.9250717e-01   2.6371033e-01   2.4326503e-01   2.2757465e-01   2.3701078e-01   2.7116811e-01   3.3449182e-01   4.4002242e-01   6.0982356e-01   7.1920455e-01   7.1920455e-01   7.1920455e-01   7.1920455e-01   7.1920455e-01   7.1920455e-01   7.1920455e-01   7.1920455e-01   7.1920455e-01   7.1920455e-01   7.1920455e-01   7.1920455e-01   7.1920455e-01   7.1920455e-01   7.1920455e-01   7.1920455e-01   7.1920455e-01   7.1920455e-01   7.1920455e-01   7.1920455e-01   7.1920455e-01   7.1920455e-01   7.1920455e-01   7.1920455e-01   7.1920455e-01   7.1920455e-01   7.1920455e-01
   2.9888889e-01   2.7816783e-01   2.4796008e-01   2.3479215e-01   2.3281911e-01   2.5765936e-01   2.9724073e-01   3.5810966e-01   4.4152296e-01   5.7270961e-01   6.0649535e-01   6.0649535e-01   6.0649535e-01   6.0649535e-01   6.0649535e-01   6.0649535e-01   6.0649535e-01   6.0649535e-01   6.0649535e-01   6.0649535e-01   6.0649535e-01   6.0649535e-01   6.0649535e-01   6.0649535e-01   6.0649535e-01   6.0649535e-01   6.0649535e-01   6.0649535e-01   6.0649535e-01   6.0649535e-01   6.0649535e-01   6.0649535e-01   6.0649535e-01   6.0649535e-01   6.0649535e-01   6.0649535e-01   6.0649535e-01
   2.8206509e-01   2.7659337e-01   2.7361689e-01   2.7852699e-01   2.9778284e-01   3.2937821e-01   3.6685440e-01   4.2114107e-01   4.8795144e-01   5.8524946e-01   5.8524946e-01   5.8524946e-01   5.8524946e-01   5.8524946e-01   5.8524946e-01   5.8524946e-01   5.8524946e-01   5.8524946e-01   5.8524946e-01   5.8524946e-01   5.8524946e-01   5.8524946e-01   5.8524946e-01   5.8524946e-01   5.8524946e-01   5.8524946e-01   5.8524946e-01   5.8524946e-01   5.8524946e-01   5.8524946e-01   5.8524946e-01   5.8524946e-01   5.8524946e-01   5.8524946e-01   5.8524946e-01   5.8524946e-01   5.8524946e-01
   2.7614210e-01   3.0295081e-01   3.3969932e-01   3.6814786e-01   4.0078753e-01   4.3325951e-01   4.6503680e-01   5.0961916e-01   5.7054891e-01   6.2524155e-01   6.2524155e-01   6.2524155e-01   6.2524155e-01   6.2524155e-01   6.2524155e-01   6.2524155e-01   6.2524155e-01   6.2524155e-01   6.2524155e-01   6.2524155e-01   6.2524155e-01   6.2524155e-01   6.2524155e-01   6.2524155e-01   6.2524155e-01   6.2524155e-01   6.2524155e-01   6.2524155e-01   6.2524155e-01   6.2524155e-01   6.2524155e-01   6.2524155e-01   6.2524155e-01   6.2524155e-01   6.2524155e-01   6.2524155e-01   6.2524155e-01
   2.8326795e-01   3.3603939e-01   3.8479931e-01   4.3092114e-01   4.6333858e-01   4.9838449e-01   5.2952206e-01   5.7492554e-01   6.3675378e-01   6.6320457e-01   6.6320457e-01   6.6320457e-01   6.6320457e-01   6.6320457e-01   6.6320457e-01   6.6320457e-01   6.6320457e-01   6.6320457e-01   6.6320457e-01   6.6320457e-01   6.6320457e-01   6.6320457e-01   6.6320457e-01   6.6320457e-01   6.6320457e-01   6.6320457e-01   6.6320457e-01   6.6320457e-01   6.6320457e-01   6.6320457e-01   6.6320457e-01   6.6320457e-01   6.6320457e-01   6.6320457e-01   6.6320457e-01   6.6320457e-01   6.6320457e-01
   2.7614183e-01   3.1425893e-01   3.4515416e-01   3.8774435e-01   4.2295407e-01   4.7303117e-01   5.2459563e-01   5.9643816e-01   6.9275586e-01   6.9275586e-01   6.9275586e-01   6.9275586e-01   6.9275586e-01   6.9275586e-01   6.9275586e-01   6.9275586e-01   6.9275586e-01   6.9275586e-01   6.9275586e-01   6.9275586e-01   6.9275586e-01   6.9275586e-01   6.9275586e-01   6.9275586e-01   6.9275586e-01   6.9275586e-01   6.9275586e-01   6.9275586e-01   6.9275586e-01   6.9275586e-01   6.9275586e-01   6.9275586e-01   6.9275586e-01   6.9275586e-01   6.9275586e-01   6.9275586e-01   6.9275586e-01
   1.3736036e-01   1.6625343e-01   1.9877373e-01   2.4508110e-01   2.9562095e-01   3.5828056e-01   4.3671418e-01   5.2636280e-01   5.7277560e-01   5.7277560e-01   5.7277560e-01   5.7277560e-01   5.7277560e-01   5.7277560e-01   5.7277560e-01   5.7277560e-01   5.7277560e-01   5.7277560e-01   5.7277560e-01   5.7277560e-01   5.7277560e-01   5.7277560e-01   5.7277560e-01   5.7277560e-01   5.7277560e-01   5.7277560e-01   5.7277560e-01   5.7277560e-01   5.7277560e-01   5.7277560e-01   5.7277560e-01   5.7277560e-01   5.7277560e-01   5.7277560e-01   5.7277560e-01   5.7277560e-01   5.7277560e-01
   8.9634064e-02   1.2270851e-01   1.6587721e-01   2.1244237e-01   2.7527338e-01   3.3883307e-01   4.2627378e-01   5.0305000e-01   5.0305000e-01   5.0305000e-01   5.0305000e-01   5.0305000e-01   5.0305000e-01   5.0305000e-01   5.0305000e-01   5.0305000e-01   5.0305000e-01   5.0305000e-01   5.0305000e-01   5.0305000e-01   5.0305000e-01   5.0305000e-01   5.0305000e-01   5.0305000e-01   5.0305000e-01   5.0305000e-01   5.0305000e-01   5.0305000e-01   5.0305000e-01   5.0305000e-01   5.0305000e-01   5.0305000e-01   5.0305000e-01   5.0305000e-01   5.0305000e-01   5.0305000e-01   5.0305000e-01
   1.0970634e-01   1.4631947e-01   1.9413229e-01   2.4916888e-01   3.1059254e-01   3.9137110e-01   4.8042450e-01   5.0305000e-01   5.0305000e-01   5.0305000e-01   5.0305000e-01   5.0305000e-01   5.0305000e-01   5.0305000e-01   5.0305000e-01   5.0305000e-01   5.0305000e-01   5.0305000e-01   5.0305000e-01   5.0305000e-01   5.0305000e-01   5.0305000e-01   5.0305000e-01   5.0305000e-01   5.0305000e-01   5.0305000e-01   5.0305000e-01   5.0305000e-01   5.0305000e-01   5.0305000e-01   5.0305000e-01   5.0305000e-01   5.0305000e-01   5.0305000e-01   5.0305000e-01   5.0305000e-01   5.0305000e-01
   1.2969125e-01   1.7656314e-01   2.2330754e-01   2.8684658e-01   3.5558494e-01   4.4228886e-01   5.0305000e-01   5.0305000e-01   5.0305000e-01   5.0305000e-01   5.0305000e-01   5.0305000e-01   5.0305000e-01   5.0305000e-01   5.0305000e-01   5.0305000e-01   5.0305000e-01   5.0305000e-01   5.0305000e-01   5.0305000e-01   5.0305000e-01   5.0305000e-01   5.0305000e-01   5.0305000e-01   5.0305000e-01   5.0305000e-01   5.0305000e-01   5.0305000e-01   5.0305000e-01   5.0305000e-01   5.0305000e-01   5.0305000e-01   5.0305000e-01   5.0305000e-01   5.0305000e-01   5.0305000e-01   5.0305000e-01
   1.5618512e-01   2.0275912e-01   2.6450984e-01   3.2390277e-01   4.1181240e-01   5.0305000e-01   5.0305000e-01   5.0305000e-01   5.0305000e-01   5.0305000e-01   5.0305000e-01   5.0305000e-01   5.0305000e-01   5.0305000e-01   5.0305000e-01   5.0305000e-01   5.0305000e-01   5.0305000e-01   5.0305000e-01   5.0305000e-01   5.0305000e-01   5.0305000e-01   5.0305000e-01   5.0305000e-01   5.0305000e-01   5.0305000e-01   5.0305000e-01   5.0305000e-01   5.0305000e-01   5.0305000e-01   5.0305000e-01   5.0305000e-01   5.0305000e-01   5.0305000e-01   5.0305000e-01   5.0305000e-01   5.0305000e-01
   1.8644362e-01   2.3549623e-01   2.9872978e-01   3.7315277e-01   4.6025951e-01   5.0305000e-01   5.0305000e-01   5.0305000e-01   5.0305000e-01   5.0305000e-01   5.0305000e-01   5.0305000e-01   5.0305000e-01   5.0305000e-01   5.0305000e-01   5.0305000e-01   5.0305000e-01   5.0305000e-01   5.0305000e-01   5.0305000e-01   5.0305000e-01   5.0305000e-01   5.0305000e-01   5.0305000e-01   5.0305000e-01   5.0305000e-01   5.0305000e-01   5.0305000e-01   5.0305000e-01   5.0305000e-01   5.0305000e-01   5.0305000e-01   5.0305000e-01   5.0305000e-01   5.0305000e-01   5.0305000e-01   5.0305000e-01
   2.1244237e-01   2.7527338e-01   3.3883307e-01   4.2627378e-01   5.0305000e-01   5.0305000e-01   5.0305000e-01   5.0305000e-01   5.0305000e-01   5.0305000e-01   5.0305000e-01   5.0305000e-01   5.0305000e-01   5.0305000e-01   5.0305000e-01   5.0305000e-01   5.0305000e-01   5.0305000e-01   5.0305000e-01   5.0305000e-01   5.0305000e-01   5.0305000e-01   5.0305000e-01   5.0305000e-01   5.0305000e-01   5.0305000e-01   5.0305000e-01   5.0305000e-01   5.0305000e-01   5.0305000e-01   5.0305000e-01   5.0305000e-01   5.0305000e-01   5.0305000e-01   5.0305000e-01   5.0305000e-01   5.0305000e-01
   2.4916888e-01   3.1059254e-01   3.9137110e-01   4.8042450e-01   5.0305000e-01   5.0305000e-01   5.0305000e-01   5.0305000e-01   5.0305000e-01   5.0305000e-01   5.0305000e-01   5.0305000e-01   5.0305000e-01   5.0305000e-01   5.0305000e-01   5.0305000e-01   5.0305000e-01   5.0305000e-01   5.0305000e-01   5.0305000e-01   5.0305000e-01   5.0305000e-01   5.0305000e-01   5.0305000e-01   5.0305000e-01   5.0305000e-01   5.0305000e-01   5.0305000e-01   5.0305000e-01   5.0305000e-01   5.0305000e-01   5.0305000e-01   5.0305000e-01   5.0305000e-01   5.0305000e-01   5.0305000e-01   5.0305000e-01
   2.8684658e-01   3.5558494e-01   4.4228886e-01   5.0305000e-01   5.0305000e-01   5.0305000e-01   5.0305000e-01   5.0305000e-01   5.0305000e-01   5.0305000e-01   5.0305000e-01   5.0305000e-01   5.0305000e-01   5.0305000e-01   5.0305000e-01   5.0305000e-01   5.0305000e-01   5.0305000e-01   5.0305000e-01   5.0305000e-01   5.0305000e-01   5.0305000e-01   5.0305000e-01   5.0305000e-01   5.0305000e-01   5.0305000e-01   5.0305000e-01   5.0305000e-01   5.0305000e-01   5.0305000e-01   5.0305000e-01   5.0305000e-01   5.0305000e-01   5.0305000e-01   5.0305000e-01   5.0305000e-01   5.0305000e-01
   3.2390277e-01   4.1181240e-01   5.0305000e-01   5.0305000e-01   5.0305000e-01   5.0305000e-01   5.0305000e-01   5.0305000e-01   5.0305000e-01   5.0305000e-01   5.0305000e-01   5.0305000e-01   5.0305000e-01   5.0305000e-01   5.0305000e-01   5.0305000e-01   5.0305000e-01   5.0305000e-01   5.0305000e-01   5.0305000e-01   5.0305000e-01   5.0305000e-01   5.0305000e-01   5.0305000e-01   5.0305000e-01   5.0305000e-01   5.0305000e-01   5.0305000e-01   5.0305000e-01   5.0305000e-01   5.0305000e-01   5.0305000e-01   5.0305000e-01   5.0305000e-01   5.0305000e-01   5.0305000e-01   5.0305000e-01
   3.7315277e-01   4.6025951e-01   5.0305000e-01   5.0305000e-01   5.0305000e-01   5.0305000e-01   5.0305000e-01   5.0305000e-01   5.0305000e-01   5.0305000e-01   5.0305000e-01   5.0305000e-01   5.0305000e-01   5.0305000e-01   5.0305000e-01   5.0305000e-01   5.0305000e-01   5.0305000e-01   5.0305000e-01   5.0305000e-01   5.0305000e-01   5.0305000e-01   5.0305000e-01   5.0305000e-01   5.0305000e-01   5.0305000e-01   5.0305000e-01   5.0305000e-01   5.0305000e-01   5.0305000e-01   5.0305000e-01   5.0305000e-01   5.0305000e-01   5.0305000e-01   5.0305000e-01   5.0305000e-01   5.0305000e-01
   4.2627378e-01   5.0305000e-01   5.0305000e-01   5.0305000e-01   5.0305000e-01   5.0305000e-01   5.0305000e-01   5.0305000e-01   5.0305000e-01   5.0305000e-01   5.0305000e-01   5.0305000e-01   5.0305000e-01   5.0305000e-01   5.0305000e-01   5.0305000e-01   5.0305000e-01   5.0305000e-01   5.0305000e-01   5.0305000e-01   5.0305000e-01   5.0305000e-01   5.0305000e-01   5.0305000e-01   5.0305000e-01   5.0305000e-01   5.0305000e-01   5.0305000e-01   5.0305000e-01   5.0305000e-01   5.0305000e-01   5.0305000e-01   5.0305000e-01   5.0305000e-01   5.0305000e-01   5.0305000e-01   5.0305000e-01
   4.8042450e-01   5.0305000e-01   5.0305000e-01   5.0305000e-01   5.0305000e-01   5.0305000e-01   5.0305000e-01   5.0305000e-01   5.0305000e-01   5.0305000e-01   5.0305000e-01   5.0305000e-01   5.0305000e-01   5.0305000e-01   5.0305000e-01   5.0305000e-01   5.0305000e-01   5.0305000e-01   5.0305000e-01   5.0305000e-01   5.0305000e-01   5.0305000e-01   5.0305000e-01   5.0305000e-01   5.0305000e-01   5.0305000e-01   5.0305000e-01   5.0305000e-01   5.0305000e-01   5.0305000e-01   5.0305000e-01   5.0305000e-01   5.0305000e-01   5.0305000e-01   5.0305000e-01   5.0305000e-01   5.0305000e-01
   5.0305000e-01   5.0305000e-01   5.0305000e-01   5.0305000e-01   5.0305000e-01   5.0305000e-01   5.0305000e-01   5.0305000e-01   5.0305000e-01   5.0305000e-01   5.0305000e-01   5.0305000e-01   5.0305000e-01   5.0305000e-01   5.0305000e-01   5.0305000e-01   5.0305000e-01   5.0305000e-01   5.0305000e-01   5.0305000e-01   5.0305000e-01   5.0305000e-01   5.0305000e-01   5.0305000e-01   5.0305000e-01   5.0305000e-01   5.0305000e-01   5.0305000e-01   5.0305000e-01   5.0305000e-01   5.0305000e-01   5.0305000e-01   5.0305000e-01   5.0305000e-01   5.0305000e-01   5.0305000e-01   5.0305000e-01
   5.0305000e-01   5.0305000e-01   5.0305000e-01   5.0305000e-01   5.0305000e-01   5.0305000e-01   5.0305000e-01   5.0305000e-01   5.0305000e-01   5.0305000e-01   5.0305000e-01   5.0305000e-01   5.0305000e-01   5.0305000e-01   5.0305000e-01   5.0305000e-01   5.0305000e-01   5.0305000e-01   5.0305000e-01   5.0305000e-01   5.0305000e-01   5.0305000e-01   5.0305000e-01   5.0305000e-01   5.0305000e-01   5.0305000e-01   5.0305000e-01   5.0305000e-01   5.0305000e-01   5.0305000e-01   5.0305000e-01   5.0305000e-01   5.0305000e-01   5.0305000e-01   5.0305000e-01   5.0305000e-01   5.0305000e-01
   5.0305000e-01   5.0305000e-01   5.0305000e-01   5.0305000e-01   5.0305000e-01   5.0305000e-01   5.0305000e-01   5.0305000e-01   5.0305000e-01   5.0305000e-01   5.0305000e-01   5.0305000e-01   5.0305000e-01   5.0305000e-01   5.0305000e-01   5.0305000e-01   5.0305000e-01   5.0305000e-01   5.0305000e-01   5.0305000e-01   5.0305000e-01   5.0305000e-01   5.0305000e-01   5.0305000e-01   5.0305000e-01   5.0305000e-01   5.0305000e-01   5.0305000e-01   5.0305000e-01   5.0305000e-01   5.0305000e-01   5.0305000e-01   5.0305000e-01   5.0305000e-01   5.0305000e-01   5.0305000e-01   5.0305000e-01
   5.0305000e-01   5.0305000e-01   5.0305000e-01   5.0305000e-01   5.0305000e-01   5.0305000e-01   5.0305000e-01   5.0305000e-01   5.0305000e-01   5.0305000e-01   5.0305000e-01   5.0305000e-01   5.0305000e-01   5.0305000e-01   5.0305000e-01   5.0305000e-01   5.0305000e-01   5.0305000e-01   5.0305000e-01   5.0305000e-01   5.0305000e-01   5.0305000e-01   5.0305000e-01   5.0305000e-01   5.0305000e-01   5.0305000e-01   5.0305000e-01   5.0305000e-01   5.0305000e-01   5.0305000e-01   5.0305000e-01   5.0305000e-01   5.0305000e-01   5.0305000e-01   5.0305000e-01   5.0305000e-01   5.0305000e-01
   5.0305000e-01   5.0305000e-01   5.0305000e-01   5.0305000e-01   5.0305000e-01   5.0305000e-01   5.0305000e-01   5.0305000e-01   5.0305000e-01   5.0305000e-01   5.0305000e-01   5.0305000e-01   5.0305000e-01   5.0305000e-01   5.0305000e-01   5.0305000e-01   5.0305000e-01   5.0305000e-01   5.0305000e-01   5.0305000e-01   5.0305000e-01   5.0305000e-01   5.0305000e-01   5.0305000e-01   5.0305000e-01   5.0305000e-01   5.0305000e-01   5.0305000e-01   5.0305000e-01   5.0305000e-01   5.0305000e-01   5.0305000e-01   5.0305000e-01   5.0305000e-01   5.0305000e-01   5.0305000e-01   5.0305000e-01
   5.0305000e-01   5.0305000e-01   5.0305000e-01   5.0305000e-01   5.0305000e-01   5.0305000e-01   5.0305000e-01   5.0305000e-01   5.0305000e-01   5.0305000e-01   5.0305000e-01   5.0305000e-01   5.0305000e-01   5.0305000e-01   5.0305000e-01   5.0305000e-01   5.0305000e-01   5.0305000e-01   5.0305000e-01   5.0305000e-01   5.0305000e-01   5.0305000e-01   5.0305000e-01   5.0305000e-01   5.0305000e-01   5.0305000e-01   5.0305000e-01   5.0305000e-01   5.0305000e-01   5.0305000e-01   5.0305000e-01   5.0305000e-01   5.0305000e-01   5.0305000e-01   5.0305000e-01   5.0305000e-01   5.0305000e-01
   5.0305000e-01   5.0305000e-01   5.0305000e-01   5.0305000e-01   5.0305000e-01   5.0305000e-01   5.0305000e-01   5.0305000e-01   5.0305000e-01   5.0305000e-01   5.0305000e-01   5.0305000e-01   5.0305000e-01   5.0305000e-01   5.0305000e-01   5.0305000e-01   5.0305000e-01   5.0305000e-01   5.0305000e-01   5.0305000e-01   5.0305000e-01   5.0305000e-01   5.0305000e-01   5.0305000e-01   5.0305000e-01   5.0305000e-01   5.0305000e-01   5.0305000e-01   5.0305000e-01   5.0305000e-01   5.0305000e-01   5.0305000e-01   5.0305000e-01   5.0305000e-01   5.0305000e-01   5.0305000e-01   5.0305000e-01
   5.0305000e-01   5.0305000e-01   5.0305000e-01   5.0305000e-01   5.0305000e-01   5.0305000e-01   5.0305000e-01   5.0305000e-01   5.0305000e-01   5.0305000e-01   5.0305000e-01   5.0305000e-01   5.0305000e-01   5.0305000e-01   5.0305000e-01   5.0305000e-01   5.0305000e-01   5.0305000e-01   5.0305000e-01   5.0305000e-01   5.0305000e-01   5.0305000e-01   5.0305000e-01   5.0305000e-01   5.0305000e-01   5.0305000e-01   5.0305000e-01   5.0305000e-01   5.0305000e-01   5.0305000e-01   5.0305000e-01   5.0305000e-01   5.0305000e-01   5.0305000e-01   5.0305000e-01   5.0305000e-01   5.0305000e-01
   5.0305000e-01   5.0305000e-01   5.0305000e-01   5.0305000e-01   5.0305000e-01   5.0305000e-01   5.0305000e-01   5.0305000e-01   5.0305000e-01   5.0305000e-01   5.0305000e-01   5.0305000e-01   5.0305000e-01   5.0305000e-01   5.0305000e-01   5.0305000e-01   5.0305000e-01   5.0305000e-01   5.0305000e-01   5.0305000e-01   5.0305000e-01   5.0305000e-01   5.0305000e-01   5.0305000e-01   5.0305000e-01   5.0305000e-01   5.0305000e-01   5.0305000e-01   5.0305000e-01   5.0305000e-01   5.0305000e-01   5.0305000e-01   5.0305000e-01   5.0305000e-01   5.0305000e-01   5.0305000e-01   5.0305000e-01
   5.0305000e-01   5.0305000e-01   5.0305000e-01   5.0305000e-01   5.0305000e-01   5.0305000e-01   5.0305000e-01   5.0305000e-01   5.0305000e-01   5.0305000e-01   5.0305000e-01   5.0305000e-01   5.0305000e-01   5.0305000e-01   5.0305000e-01   5.0305000e-01   5.0305000e-01   5.0305000e-01   5.0305000e-01   5.0305000e-01   5.0305000e-01   5.0305000e-01   5.0305000e-01   5.0305000e-01   5.0305000e-01   5.0305000e-01   5.0305000e-01   5.0305000e-01   5.0305000e-01   5.0305000e-01   5.0305000e-01   5.0305000e-01   5.0305000e-01   5.0305000e-01   5.0305000e-01   5.0305000e-01   5.0305000e-01
   5.0305000e-01   5.0305000e-01   5.0305000e-01   5.0305000e-01   5.0305000e-01   5.0305000e-01   5.0305000e-01   5.0305000e-01   5.0305000e-01   5.0305000e-01   5.0305000e-01   5.0305000e-01   5.0305000e-01   5.0305000e-01   5.0305000e-01   5.0305000e-01   5.0305000e-01   5.0305000e-01   5.0305000e-01   5.0305000e-01   5.0305000e-01   5.0305000e-01   5.0305000e-01   5.0305000e-01   5.0305000e-01   5.0305000e-01   5.0305000e-01   5.0305000e-01   5.0305000e-01   5.0305000e-01   5.0305000e-01   5.0305000e-01   5.0305000e-01   5.0305000e-01   5.0305000e-01   5.0305000e-01   5.0305000e-01
   5.0305000e-01   5.0305000e-01   5.0305000e-01   5.0305000e-01   5.0305000e-01   5.0305000e-01   5.0305000e-01   5.0305000e-01   5.0305000e-01   5.0305000e-01   5.0305000e-01   5.0305000e-01   5.0305000e-01   5.0305000e-01   5.0305000e-01   5.0305000e-01   5.0305000e-01   5.0305000e-01   5.0305000e-01   5.0305000e-01   5.0305000e-01   5.0305000e-01   5.0305000e-01   5.0305000e-01   5.0305000e-01   5.0305000e-01   5.0305000e-01   5.0305000e-01   5.0305000e-01   5.0305000e-01   5.0305000e-01   5.0305000e-01   5.0305000e-01   5.0305000e-01   5.0305000e-01   5.0305000e-01   5.0305000e-01
   5.0305000e-01   5.0305000e-01   5.0305000e-01   5.0305000e-01   5.0305000e-01   5.0305000e-01   5.0305000e-01   5.0305000e-01   5.0305000e-01   5.0305000e-01   5.0305000e-01   5.0305000e-01   5.0305000e-01   5.0305000e-01   5.0305000e-01   5.0305000e-01   5.0305000e-01   5.0305000e-01   5.0305000e-01   5.0305000e-01   5.0305000e-01   5.0305000e-01   5.0305000e-01   5.0305000e-01   5.0305000e-01   5.0305000e-01   5.0305000e-01   5.0305000e-01   5.0305000e-01   5.0305000e-01   5.0305000e-01   5.0305000e-01   5.0305000e-01   5.0305000e-01   5.0305000e-01   5.0305000e-01   5.0305000e-01
   5.0305000e-01   5.0305000e-01   5.0305000e-01   5.0305000e-01   5.0305000e-01   5.0305000e-01   5.0305000e-01   5.0305000e-01   5.0305000e-01   5.0305000e-01   5.0305000e-01   5.0305000e-01   5.0305000e-01   5.0305000e-01   5.0305000e-01   5.0305000e-01   5.0305000e-01   5.0305000e-01   5.0305000e-01   5.0305000e-01   5.0305000e-01   5.0305000e-01   5.0305000e-01   5.0305000e-01   5.0305000e-01   5.0305000e-01   5.0305000e-01   5.0305000e-01   5.0305000e-01   5.0305000e-01   5.0305000e-01   5.0305000e-01   5.0305000e-01   5.0305000e-01   5.0305000e-01   5.0305000e-01   5.0305000e-01
   5.0305000e-01   5.0305000e-01   5.0305000e-01   5.0305000e-01   5.0305000e-01   5.0305000e-01   5.0305000e-01   5.0305000e-01   5.0305000e-01   5.0305000e-01   5.0305000e-01   5.0305000e-01   5.0305000e-01   5.0305000e-01   5.0305000e-01   5.0305000e-01   5.0305000e-01   5.0305000e-01   5.0305000e-01   5.0305000e-01   5.0305000e-01   5.0305000e-01   5.0305000e-01   5.0305000e-01   5.0305000e-01   5.0305000e-01   5.0305000e-01   5.0305000e-01   5.0305000e-01   5.0305000e-01   5.0305000e-01   5.0305000e-01   5.0305000e-01   5.0305000e-01   5.0305000e-01   5.0305000e-01   5.0305000e-01
   5.0305000e-01   5.0305000e-01   5.0305000e-01   5.0305000e-01   5.0305000e-01   5.0305000e-01   5.0305000e-01   5.0305000e-01   5.0305000e-01   5.0305000e-01   5.0305000e-01   5.0305000e-01   5.0305000e-01   5.0305000e-01   5.0305000e-01   5.0305000e-01   5.0305000e-01   5.0305000e-01   5.0305000e-01   5.0305000e-01   5.0305000e-01   5.0305000e-01   5.0305000e-01   5.0305000e-01   5.0305000e-01   5.0305000e-01   5.0305000e-01   5.0305000e-01   5.0305000e-01   5.0305000e-01   5.0305000e-01   5.0305000e-01   5.0305000e-01   5.0305000e-01   5.0305000e-01   5.0305000e-01   5.0305000e-01
   5.0305000e-01   5.0305000e-01   5.0305000e-01   5.0305000e-01   5.0305000e-01   5.0305000e-01   5.0305000e-01   5.0305000e-01   5.0305000e-01   5.0305000e-01   5.0305000e-01   5.0305000e-01   5.0305000e-01   5.0305000e-01   5.0305000e-01   5.0305000e-01   5.0305000e-01   5.0305000e-01   5.0305000e-01   5.0305000e-01   5.0305000e-01   5.0305000e-01   5.0305000e-01   5.0305000e-01   5.0305000e-01   5.0305000e-01   5.0305000e-01   5.0305000e-01   5.0305000e-01   5.0305000e-01   5.0305000e-01   5.0305000e-01   5.0305000e-01   5.0305000e-01   5.0305000e-01   5.0305000e-01   5.0305000e-01
   5.0305000e-01   5.0305000e-01   5.0305000e-01   5.0305000e-01   5.0305000e-01   5.0305000e-01   5.0305000e-01   5.0305000e-01   5.0305000e-01   5.0305000e-01   5.0305000e-01   5.0305000e-01   5.0305000e-01   5.0305000e-01   5.0305000e-01   5.0305000e-01   5.0305000e-01   5.0305000e-01   5.0305000e-01   5.0305000e-01   5.0305000e-01   5.0305000e-01   5.0305000e-01   5.0305000e-01   5.0305000e-01   5.0305000e-01   5.0305000e-01   5.0305000e-01   5.0305000e-01   5.0305000e-01   5.0305000e-01   5.0305000e-01   5.0305000e-01   5.0305000e-01   5.0305000e-01   5.0305000e-01   5.0305000e-01
   5.0305000e-01   5.0305000e-01   5.0305000e-01   5.0305000e-01   5.0305000e-01   5.0305000e-01   5.0305000e-01   5.0305000e-01   5.0305000e-01   5.0305000e-01   5.0305000e-01   5.0305000e-01   5.0305000e-01   5.0305000e-01   5.0305000e-01   5.0305000e-01   5.0305000e-01   5.0305000e-01   5.0305000e-01   5.0305000e-01   5.0305000e-01   5.0305000e-01   5.0305000e-01   5.0305000e-01   5.0305000e-01   5.0305000e-01   5.0305000e-01   5.0305000e-01   5.0305000e-01   5.0305000e-01   5.0305000e-01   5.0305000e-01   5.0305000e-01   5.0305000e-01   5.0305000e-01   5.0305000e-01   5.0305000e-01
   5.0305000e-01   5.0305000e-01   5.0305000e-01   5.0305000e-01   5.0305000e-01   5.0305000e-01   5.0305000e-01   5.0305000e-01   5.0305000e-01   5.0305000e-01   5.0305000e-01   5.0305000e-01   5.0305000e-01   5.0305000e-01   5.0305000e-01   5.0305000e-01   5.0305000e-01   5.0305000e-01   5.0305000e-01   5.0305000e-01   5.0305000e-01   5.0305000e-01   5.0305000e-01   5.0305000e-01   5.0305000e-01   5.0305000e-01   5.0305000e-01   5.0305000e-01   5.0305000e-01   5.0305000e-01   5.0305000e-01   5.0305000e-01   5.0305000e-01   5.0305000e-01   5.0305000e-01   5.0305000e-01   5.0305000e-01
   5.0305000e-01   5.0305000e-01   5.0305000e-01   5.0305000e-01   5.0305000e-01   5.0305000e-01   5.0305000e-01   5.0305000e-01   5.0305000e-01   5.0305000e-01   5.0305000e-01   5.0305000e-01   5.0305000e-01   5.0305000e-01   5.0305000e-01   5.0305000e-01   5.0305000e-01   5.0305000e-01   5.0305000e-01   5.0305000e-01   5.0305000e-01   5.0305000e-01   5.0305000e-01   5.0305000e-01   5.0305000e-01   5.0305000e-01   5.0305000e-01   5.0305000e-01   5.0305000e-01   5.0305000e-01   5.0305000e-01   5.0305000e-01   5.0305000e-01   5.0305000e-01   5.0305000e-01   5.0305000e-01   5.0305000e-01
   5.0305000e-01   5.0305000e-01   5.0305000e-01   5.0305000e-01   5.0305000e-01   5.0305000e-01   5.0305000e-01   5.0305000e-01   5.0305000e-01   5.0305000e-01   5.0305000e-01   5.0305000e-01   5.0305000e-01   5.0305000e-01   5.0305000e-01   5.0305000e-01   5.0305000e-01   5.0305000e-01   5.0305000e-01   5.0305000e-01   5.0305000e-01   5.0305000e-01   5.0305000e-01   5.0305000e-01   5.0305000e-01   5.0305000e-01   5.0305000e-01   5.0305000e-01   5.0305000e-01   5.0305000e-01   5.0305000e-01   5.0305000e-01   5.0305000e-01   5.0305000e-01   5.0305000e-01   5.0305000e-01   5.0305000e-01
   5.0305000e-01   5.0305000e-01   5.0305000e-01   5.0305000e-01   5.0305000e-01   5.0305000e-01   5.0305000e-01   5.0305000e-01   5.0305000e-01   5.0305000e-01   5.0305000e-01   5.0305000e-01   5.0305000e-01   5.0305000e-01   5.0305000e-01   5.0305000e-01   5.0305000e-01   5.0305000e-01   5.0305000e-01   5.0305000e-01   5.0305000e-01   5.0305000e-01   5.0305000e-01   5.0305000e-01   5.0305000e-01   5.0305000e-01   5.0305000e-01   5.0305000e-01   5.0305000e-01   5.0305000e-01   5.0305000e-01   5.0305000e-01   5.0305000e-01   5.0305000e-01   5.0305000e-01   5.0305000e-01   5.0305000e-01
   5.0305000e-01   5.0305000e-01   5.0305000e-01   5.0305000e-01   5.0305000e-01   5.0305000e-01   5.0305000e-01   5.0305000e-01   5.0305000e-01   5.0305000e-01   5.0305000e-01   5.0305000e-01   5.0305000e-01   5.0305000e-01   5.0305000e-01   5.0305000e-01   5.0305000e-01   5.0305000e-01   5.0305000e-01   5.0305000e-01   5.0305000e-01   5.0305000e-01   5.0305000e-01   5.0305000e-01   5.0305000e-01   5.0305000e-01   5.0305000e-01   5.0305000e-01   5.0305000e-01   5.0305000e-01   5.0305000e-01   5.0305000e-01   5.0305000e-01   5.0305000e-01   5.0305000e-01   5.0305000e-01   5.0305000e-01
   5.0305000e-01   5.0305000e-01   5.0305000e-01   5.0305000e-01   5.0305000e-01   5.0305000e-01   5.0305000e-01   5.0305000e-01   5.0305000e-01   5.0305000e-01   5.0305000e-01   5.0305000e-01   5.0305000e-01   5.0305000e-01   5.0305000e-01   5.0305000e-01   5.0305000e-01   5.0305000e-01   5.0305000e-01   5.0305000e-01   5.0305000e-01   5.0305000e-01   5.0305000e-01   5.0305000e-01   5.0305000e-01   5.0305000e-01   5.0305000e-01   5.0305000e-01   5.0305000e-01   5.0305000e-01   5.0305000e-01   5.0305000e-01   5.0305000e-01   5.0305000e-01   5.0305000e-01   5.0305000e-01   5.0305000e-01
   5.0305000e-01   5.0305000e-01   5.0305000e-01   5.0305000e-01   5.0305000e-01   5.0305000e-01   5.0305000e-01   5.0305000e-01   5.0305000e-01   5.0305000e-01   5.0305000e-01   5.0305000e-01   5.0305000e-01   5.0305000e-01   5.0305000e-01   5.0305000e-01   5.0305000e-01   5.0305000e-01   5.0305000e-01   5.0305000e-01   5.0305000e-01   5.0305000e-01   5.0305000e-01   5.0305000e-01   5.0305000e-01   5.0305000e-01   5.0305000e-01   5.0305000e-01   5.0305000e-01   5.0305000e-01   5.0305000e-01   5.0305000e-01   5.0305000e-01   5.0305000e-01   5.0305000e-01   5.0305000e-01   5.0305000e-01
   5.0305000e-01   5.0305000e-01   5.0305000e-01   5.0305000e-01   5.0305000e-01   5.0305000e-01   5.0305000e-01   5.0305000e-01   5.0305000e-01   5.0305000e-01   5.0305000e-01   5.0305000e-01   5.0305000e-01   5.0305000e-01   5.0305000e-01   5.0305000e-01   5.0305000e-01   5.0305000e-01   5.0305000e-01   5.0305000e-01   5.0305000e-01   5.0305000e-01   5.0305000e-01   5.0305000e-01   5.0305000e-01   5.0305000e-01   5.0305000e-01   5.0305000e-01   5.0305000e-01   5.0305000e-01   5.0305000e-01   5.0305000e-01   5.0305000e-01   5.0305000e-01   5.0305000e-01   5.0305000e-01   5.0305000e-01
   5.0305000e-01   5.0305000e-01   5.0305000e-01   5.0305000e-01   5.0305000e-01   5.0305000e-01   5.0305000e-01   5.0305000e-01   5.0305000e-01   5.0305000e-01   5.0305000e-01   5.0305000e-01   5.0305000e-01   5.0305000e-01   5.0305000e-01   5.0305000e-01   5.0305000e-01   5.0305000e-01   5.0305000e-01   5.0305000e-01   5.0305000e-01   5.0305000e-01   5.0305000e-01   5.0305000e-01   5.0305000e-01   5.0305000e-01   5.0305000e-01   5.0305000e-01   5.0305000e-01   5.0305000e-01   5.0305000e-01   5.0305000e-01   5.0305000e-01   5.0305000e-01   5.0305000e-01   5.0305000e-01   5.0305000e-01
   5.0305000e-01   5.0305000e-01   5.0305000e-01   5.0305000e-01   5.0305000e-01   5.0305000e-01   5.0305000e-01   5.0305000e-01   5.0305000e-01   5.0305000e-01   5.0305000e-01   5.0305000e-01   5.0305000e-01   5.0305000e-01   5.0305000e-01   5.0305000e-01   5.0305000e-01   5.0305000e-01   5.0305000e-01   5.0305000e-01   5.0305000e-01   5.0305000e-01   5.0305000e-01   5.0305000e-01   5.0305000e-01   5.0305000e-01   5.0305000e-01   5.0305000e-01   5.0305000e-01   5.0305000e-01   5.0305000e-01   5.0305000e-01   5.0305000e-01   5.0305000e-01   5.0305000e-01   5.0305000e-01   5.0305000e-01
   5.0305000e-01   5.0305000e-01   5.0305000e-01   5.0305000e-01   5.0305000e-01   5.0305000e-01   5.0305000e-01   5.0305000e-01   5.0305000e-01   5.0305000e-01   5.0305000e-01   5.0305000e-01   5.0305000e-01   5.0305000e-01   5.0305000e-01   5.0305000e-01   5.0305000e-01   5.0305000e-01   5.0305000e-01   5.0305000e-01   5.0305000e-01   5.0305000e-01   5.0305000e-01   5.0305000e-01   5.0305000e-01   5.0305000e-01   5.0305000e-01   5.0305000e-01   5.0305000e-01   5.0305000e-01   5.0305000e-01   5.0305000e-01   5.0305000e-01   5.0305000e-01   5.0305000e-01   5.0305000e-01   5.0305000e-01
   5.0305000e-01   5.0305000e-01   5.0305000e-01   5.0305000e-01   5.0305000e-01   5.0305000e-01   5.0305000e-01   5.0305000e-01   5.0305000e-01   5.0305000e-01   5.0305000e-01   5.0305000e-01   5.0305000e-01   5.0305000e-01   5.0305000e-01   5.0305000e-01   5.0305000e-01   5.0305000e-01   5.0305000e-01   5.0305000e-01   5.0305000e-01   5.0305000e-01   5.0305000e-01   5.0305000e-01   5.0305000e-01   5.0305000e-01   5.0305000e-01   5.0305000e-01   5.0305000e-01   5.0305000e-01   5.0305000e-01   5.0305000e-01   5.0305000e-01   5.0305000e-01   5.0305000e-01   5.0305000e-01   5.0305000e-01
   5.0305000e-01   5.0305000e-01   5.0305000e-01   5.0305000e-01   5.0305000e-01   5.0305000e-01   5.0305000e-01   5.0305000e-01   5.0305000e-01   5.0305000e-01   5.0305000e-01   5.0305000e-01   5.0305000e-01   5.0305000e-01   5.0305000e-01   5.0305000e-01   5.0305000e-01   5.0305000e-01   5.0305000e-01   5.0305000e-01   5.0305000e-01   5.0305000e-01   5.0305000e-01   5.0305000e-01   5.0305000e-01   5.0305000e-01   5.0305000e-01   5.0305000e-01   5.0305000e-01   5.0305000e-01   5.0305000e-01   5.0305000e-01   5.0305000e-01   5.0305000e-01   5.0305000e-01   5.0305000e-01   5.0305000e-01
   5.0305000e-01   5.0305000e-01   5.0305000e-01   5.0305000e-01   5.0305000e-01   5.0305000e-01   5.0305000e-01   5.0305000e-01   5.0305000e-01   5.0305000e-01   5.0305000e-01   5.0305000e-01   5.0305000e-01   5.0305000e-01   5.0305000e-01   5.0305000e-01   5.0305000e-01   5.0305000e-01   5.0305000e-01   5.0305000e-01   5.0305000e-01   5.0305000e-01   5.0305000e-01   5.0305000e-01   5.0305000e-01   5.0305000e-01   5.0305000e-01   5.0305000e-01   5.0305000e-01   5.0305000e-01   5.0305000e-01   5.0305000e-01   5.0305000e-01   5.0305000e-01   5.0305000e-01   5.0305000e-01   5.0305000e-01
   5.0305000e-01   5.0305000e-01   5.0305000e-01   5.0305000e-01   5.0305000e-01   5.0305000e-01   5.0305000e-01   5.0305000e-01   5.0305000e-01   5.0305000e-01   5.0305000e-01   5.0305000e-01   5.0305000e-01   5.0305000e-01   5.0305000e-01   5.0305000e-01   5.0305000e-01   5.0305000e-01   5.0305000e-01   5.0305000e-01   5.0305000e-01   5.0305000e-01   5.0305000e-01   5.0305000e-01   5.0305000e-01   5.0305000e-01   5.0305000e-01   5.0305000e-01   5.0305000e-01   5.0305000e-01   5.0305000e-01   5.0305000e-01   5.0305000e-01   5.0305000e-01   5.0305000e-01   5.0305000e-01   5.0305000e-01
