Prat          8.66e-01 
Crat          9.74e+03 
reduced_c     9.74e+03 
Vmax          9.00e-01 
Tunit         7.08e+04 
Compt         0  
Planck        0  
Tfloor        1.00e-04 
rotate_theta  1  
rotate_phi    2  
adv_flag:     0  
 0   1.367642e-02   -7.341107e-01   6.788921e-01    1.250000e-01
 1   -1.608368e-01   -8.765611e-01   -4.536212e-01    1.250000e-01
 2   8.910135e-01   -1.796406e-02   4.536212e-01    1.250000e-01
 3   7.165003e-01   -1.604145e-01   -6.788921e-01    1.250000e-01
 4   -7.165003e-01   1.604145e-01   6.788921e-01    1.250000e-01
 5   -8.910135e-01   1.796406e-02   -4.536212e-01    1.250000e-01
 6   1.608368e-01   8.765611e-01   4.536212e-01    1.250000e-01
 7   -1.367642e-02   7.341107e-01   -6.788921e-01    1.250000e-01
