Prat          1.00e+00 
Crat          1.00e+01 
reduced_c     1.00e+01 
Vmax          9.00e-01 
Tunit         1.00e+07 
Compt         0  
Planck        0  
rotate_theta  0  
rotate_phi    0  
adv_flag:     1  
nzeta:        0  
npsi:         0  
taucell:      5.000000e+00  
source_flag:  1  
nfreq      :  3  
fre_ratio:    2.000000e+00  
nu_min:       4.000000e+00  
nu_max:       8.000000e+00  
 0   2.182179e-01   9.511897e-01   0.000000e+00    3.162533e-02
 1   5.773503e-01   7.867958e-01   0.000000e+00    2.292914e-02
 2   7.867958e-01   5.773503e-01   0.000000e+00    2.292914e-02
 3   9.511897e-01   2.182179e-01   0.000000e+00    3.162533e-02
 4   2.182179e-01   7.867958e-01   0.000000e+00    2.292914e-02
 5   5.773503e-01   5.773503e-01   0.000000e+00    1.754917e-02
 6   7.867958e-01   2.182179e-01   0.000000e+00    2.292914e-02
 7   2.182179e-01   5.773503e-01   0.000000e+00    2.292914e-02
 8   5.773503e-01   2.182179e-01   0.000000e+00    2.292914e-02
 9   2.182179e-01   2.182179e-01   0.000000e+00    3.162533e-02
10   -2.182179e-01   9.511897e-01   0.000000e+00    3.162533e-02
11   -5.773503e-01   7.867958e-01   0.000000e+00    2.292914e-02
12   -7.867958e-01   5.773503e-01   0.000000e+00    2.292914e-02
13   -9.511897e-01   2.182179e-01   0.000000e+00    3.162533e-02
14   -2.182179e-01   7.867958e-01   0.000000e+00    2.292914e-02
15   -5.773503e-01   5.773503e-01   0.000000e+00    1.754917e-02
16   -7.867958e-01   2.182179e-01   0.000000e+00    2.292914e-02
17   -2.182179e-01   5.773503e-01   0.000000e+00    2.292914e-02
18   -5.773503e-01   2.182179e-01   0.000000e+00    2.292914e-02
19   -2.182179e-01   2.182179e-01   0.000000e+00    3.162533e-02
20   2.182179e-01   -9.511897e-01   0.000000e+00    3.162533e-02
21   5.773503e-01   -7.867958e-01   0.000000e+00    2.292914e-02
22   7.867958e-01   -5.773503e-01   0.000000e+00    2.292914e-02
23   9.511897e-01   -2.182179e-01   0.000000e+00    3.162533e-02
24   2.182179e-01   -7.867958e-01   0.000000e+00    2.292914e-02
25   5.773503e-01   -5.773503e-01   0.000000e+00    1.754917e-02
26   7.867958e-01   -2.182179e-01   0.000000e+00    2.292914e-02
27   2.182179e-01   -5.773503e-01   0.000000e+00    2.292914e-02
28   5.773503e-01   -2.182179e-01   0.000000e+00    2.292914e-02
29   2.182179e-01   -2.182179e-01   0.000000e+00    3.162533e-02
30   -2.182179e-01   -9.511897e-01   0.000000e+00    3.162533e-02
31   -5.773503e-01   -7.867958e-01   0.000000e+00    2.292914e-02
32   -7.867958e-01   -5.773503e-01   0.000000e+00    2.292914e-02
33   -9.511897e-01   -2.182179e-01   0.000000e+00    3.162533e-02
34   -2.182179e-01   -7.867958e-01   0.000000e+00    2.292914e-02
35   -5.773503e-01   -5.773503e-01   0.000000e+00    1.754917e-02
36   -7.867958e-01   -2.182179e-01   0.000000e+00    2.292914e-02
37   -2.182179e-01   -5.773503e-01   0.000000e+00    2.292914e-02
38   -5.773503e-01   -2.182179e-01   0.000000e+00    2.292914e-02
39   -2.182179e-01   -2.182179e-01   0.000000e+00    3.162533e-02
fre   spec
0.000000e+00   5.968753e-01
4.000000e+00   3.639575e-01
8.000000e+00   3.916720e-02
