   9.9994493e-01
   9.9994387e-01
   9.9994275e-01
   9.9994156e-01
   9.9994029e-01
   9.9993896e-01
   9.9993755e-01
   9.9993606e-01
   9.9993449e-01
   9.9993284e-01
   9.9993109e-01
   9.9992926e-01
   9.9992734e-01
   9.9992531e-01
   9.9992319e-01
   9.9992096e-01
   9.9991861e-01
   9.9991615e-01
   9.9991357e-01
   9.9991087e-01
   9.9990803e-01
   9.9990506e-01
   9.9990194e-01
   9.9989867e-01
   9.9989525e-01
   9.9989166e-01
   9.9988790e-01
   9.9988397e-01
   9.9987984e-01
   9.9987552e-01
   9.9987099e-01
   9.9986625e-01
   9.9986128e-01
   9.9985608e-01
   9.9985063e-01
   9.9984492e-01
   9.9983894e-01
   9.9983267e-01
   9.9982610e-01
   9.9981922e-01
   9.9981202e-01
   9.9980446e-01
   9.9979655e-01
   9.9978825e-01
   9.9977956e-01
   9.9977045e-01
   9.9976090e-01
   9.9975088e-01
   9.9974039e-01
   9.9972938e-01
   9.9971784e-01
   9.9970574e-01
   9.9969304e-01
   9.9967973e-01
   9.9966576e-01
   9.9965111e-01
   9.9963574e-01
   9.9961961e-01
   9.9960268e-01
   9.9958492e-01
   9.9956627e-01
   9.9954670e-01
   9.9952615e-01
   9.9950457e-01
   9.9948191e-01
   9.9945811e-01
   9.9943312e-01
   9.9940687e-01
   9.9937928e-01
   9.9935030e-01
   9.9931985e-01
   9.9928785e-01
   9.9925421e-01
   9.9921885e-01
   9.9918167e-01
   9.9914258e-01
   9.9910148e-01
   9.9905825e-01
   9.9901278e-01
   9.9896495e-01
   9.9891463e-01
   9.9886168e-01
   9.9880595e-01
   9.9874730e-01
   9.9868556e-01
   9.9862057e-01
   9.9855213e-01
   9.9848006e-01
   9.9840416e-01
   9.9832421e-01
   9.9823999e-01
   9.9815124e-01
   9.9805773e-01
   9.9795916e-01
   9.9785527e-01
   9.9774575e-01
   9.9763026e-01
   9.9750847e-01
   9.9738002e-01
   9.9724453e-01
   9.9710157e-01
   9.9695072e-01
   9.9679152e-01
   9.9662348e-01
   9.9644607e-01
   9.9625875e-01
   9.9606092e-01
   9.9585197e-01
   9.9563122e-01
   9.9539797e-01
   9.9515147e-01
   9.9489091e-01
   9.9461545e-01
   9.9432417e-01
   9.9401610e-01
   9.9369023e-01
   9.9334543e-01
   9.9298055e-01
   9.9259432e-01
   9.9218541e-01
   9.9175240e-01
   9.9129375e-01
   9.9080784e-01
   9.9029292e-01
   9.8974713e-01
   9.8916848e-01
   9.8855482e-01
   9.8790387e-01
   9.8721316e-01
   9.8648008e-01
   9.8570180e-01
   9.8487527e-01
   9.8399725e-01
   9.8306422e-01
   9.8207243e-01
   9.8101781e-01
   9.7989598e-01
   9.7870225e-01
   9.7743150e-01
   9.7607827e-01
   9.7463659e-01
   9.7310005e-01
   9.7146168e-01
   9.6971394e-01
   9.6784863e-01
   9.6585684e-01
   9.6372890e-01
   9.6145424e-01
   9.5902134e-01
   9.5641762e-01
   9.5362931e-01
   9.5064130e-01
   9.4743702e-01
   9.4399819e-01
   9.4030470e-01
   9.3633430e-01
   9.3206232e-01
   9.2746137e-01
   9.2250092e-01
   9.1714684e-01
   9.1136083e-01
   9.0509978e-01
   8.9831489e-01
   8.9095074e-01
   8.8294396e-01
   8.7422175e-01
   8.6469982e-01
   8.5427985e-01
   8.4284615e-01
   8.3026109e-01
   8.1635897e-01
   8.0093733e-01
   7.8374437e-01
   7.6445992e-01
   7.4266541e-01
   7.1779330e-01
   6.8903489e-01
   6.5515200e-01
   6.1402023e-01
   5.6112415e-01
   4.7501166e-01
   4.4107813e-01
   4.2269957e-01
   4.0830462e-01
   3.9609620e-01
   3.8542431e-01
   3.7578611e-01
   3.6697232e-01
   3.5883626e-01
   3.5122244e-01
   3.4412446e-01
   3.3743222e-01
   3.3108322e-01
   3.2497564e-01
   3.1929987e-01
   3.1376722e-01
   3.0853926e-01
   3.0340402e-01
   2.9861356e-01
   2.9392528e-01
   2.8942667e-01
   2.8505428e-01
   2.8077104e-01
   2.7673703e-01
   2.7278547e-01
   2.6891392e-01
   2.6525733e-01
   2.6154970e-01
   2.5805688e-01
   2.5462217e-01
   2.5136933e-01
   2.4810063e-01
   2.4496545e-01
   2.4179203e-01
   2.3880133e-01
   2.3585296e-01
   2.3306486e-01
   2.3026078e-01
   2.2744666e-01
   2.2484127e-01
   2.2224132e-01
   2.1964715e-01
   2.1707178e-01
   2.1466780e-01
   2.1231254e-01
   2.0995617e-01
   2.0760010e-01
   2.0539106e-01
   2.0312976e-01
   2.0100260e-01
   1.9875827e-01
   1.9671485e-01
   1.9468805e-01
   1.9268314e-01
   1.9070323e-01
   1.8874715e-01
   1.8680994e-01
   1.8488531e-01
   1.8315879e-01
   1.8131077e-01
   1.7951465e-01
   1.7779985e-01
   1.7604018e-01
   1.7436926e-01
   1.7274143e-01
   1.7099453e-01
   1.6943972e-01
   1.6788879e-01
   1.6634505e-01
   1.6481347e-01
   1.6330074e-01
   1.6181258e-01
   1.6034870e-01
   1.5890275e-01
   1.5746749e-01
   1.5603754e-01
   1.5460932e-01
   1.5333536e-01
   1.5199583e-01
   1.5061466e-01
   1.4937914e-01
   1.4807373e-01
   1.4676106e-01
   1.4557356e-01
   1.4430184e-01
   1.4311954e-01
   1.4195632e-01
   1.4069945e-01
   1.3960435e-01
   1.3846464e-01
   1.3724185e-01
   1.3618304e-01
   1.3511651e-01
   1.3403652e-01
   1.3291544e-01
   1.3179272e-01
   1.3077507e-01
   1.2976244e-01
   1.2875583e-01
   1.2775599e-01
   1.2676328e-01
   1.2577751e-01
   1.2479800e-01
   1.2382371e-01
   1.2285342e-01
   1.2194491e-01
   1.2110738e-01
   1.2020151e-01
   1.1927839e-01
   1.1834541e-01
   1.1740528e-01
   1.1667173e-01
   1.1579397e-01
   1.1488307e-01
   1.1410883e-01
   1.1329219e-01
   1.1240069e-01
   1.1167270e-01
   1.1084823e-01
   1.0995498e-01
   1.0930354e-01
   1.0843826e-01
   1.0777586e-01
   1.0693538e-01
   1.0627572e-01
   1.0544793e-01
   1.0480634e-01
   1.0397469e-01
   1.0335948e-01
   1.0251217e-01
   1.0192358e-01
   1.0127475e-01
   1.0049023e-01
   9.9897762e-02
   9.9229071e-02
   9.8494053e-02
   9.7911600e-02
   9.7275084e-02
   9.6524903e-02
   9.5962795e-02
   9.5376741e-02
   9.4716089e-02
   9.4034063e-02
   9.3484388e-02
   9.2921222e-02
   9.2330981e-02
   9.1581893e-02
   9.1051587e-02
   9.0517665e-02
   8.9979043e-02
   8.9433822e-02
   8.8878066e-02
   8.8300572e-02
   8.7606621e-02
   8.7092363e-02
   8.6578628e-02
   8.6065674e-02
   8.5553794e-02
   8.5043314e-02
   8.4534579e-02
   8.4027936e-02
   8.3523704e-02
   8.3022138e-02
   8.2523400e-02
   8.2027529e-02
   8.1534435e-02
   8.1043910e-02
   8.0555648e-02
   8.0069290e-02
   7.9584451e-02
   7.9100751e-02
   7.8617838e-02
   7.8135398e-02
   7.7653161e-02
   7.7170898e-02
   7.6877387e-02
   7.6456128e-02
   7.6013665e-02
   7.5560459e-02
   7.5100325e-02
   7.4635146e-02
   7.4166019e-02
   7.3770849e-02
   7.3459367e-02
   7.3043144e-02
   7.2602283e-02
   7.2148588e-02
   7.1686631e-02
   7.1408783e-02
   7.1037194e-02
   7.0611488e-02
   7.0165130e-02
   6.9707023e-02
   6.9489600e-02
   6.9095157e-02
   6.8661534e-02
   6.8210073e-02
   6.7993082e-02
   6.7609486e-02
   6.7178886e-02
   6.6728268e-02
   6.6551022e-02
   6.6150336e-02
   6.5712718e-02
   6.5488313e-02
   6.5128646e-02
   6.4703657e-02
   6.4431518e-02
   6.4118834e-02
   6.3703028e-02
   6.3412991e-02
   6.3124471e-02
   6.2711510e-02
   6.2456646e-02
   6.2145102e-02
   6.1728122e-02
   6.1527675e-02
   6.1176408e-02
   6.0750609e-02
   6.0599264e-02
   6.0212940e-02
   5.9934247e-02
   5.9663814e-02
   5.9250322e-02
   5.9093663e-02
   5.8719800e-02
   5.8461766e-02
   5.8183221e-02
   5.7767396e-02
   5.7637853e-02
   5.7247701e-02
   5.7077685e-02
   5.6726829e-02
   5.6482530e-02
   5.6205032e-02
   5.5787234e-02
   5.5682747e-02
   5.5278398e-02
   5.5160691e-02
   5.4770884e-02
   5.4639973e-02
   5.4265100e-02
   5.4122175e-02
   5.3761427e-02
   5.3609303e-02
   5.3260166e-02
   5.3103404e-02
   5.2761490e-02
   5.2605839e-02
   5.2265408e-02
   5.2116595e-02
   5.1771763e-02
   5.1634264e-02
   5.1280248e-02
   5.1156706e-02
   5.0790458e-02
   5.0681802e-02
   5.0301941e-02
   5.0207864e-02
   4.9814245e-02
   4.9733707e-02
   4.9415051e-02
   4.9258569e-02
   4.9079039e-02
   4.8781995e-02
   4.8655186e-02
   4.8303743e-02
   4.8208974e-02
   4.7823711e-02
   4.7750861e-02
   4.7531048e-02
   4.7284925e-02
   4.7159441e-02
   4.6813273e-02
   4.6728073e-02
   4.6337186e-02
   4.6275584e-02
   4.6127641e-02
   4.5811451e-02
   4.5722715e-02
   4.5339719e-02
   4.5279567e-02
   4.5137059e-02
   4.4819455e-02
   4.4738860e-02
   4.4349409e-02
   4.4296535e-02
   4.4183841e-02
   4.3835743e-02
   4.3770847e-02
   4.3598554e-02
   4.3322001e-02
   4.3242475e-02
   4.2856890e-02
   4.2808827e-02
   4.2711928e-02
   4.2350408e-02
   4.2297078e-02
   4.2180575e-02
   4.1845513e-02
   4.1787786e-02
   4.1651389e-02
   4.1342642e-02
   4.1282013e-02
   4.1129672e-02
   4.0842121e-02
   4.0780619e-02
   4.0622163e-02
   4.0344099e-02
   4.0283993e-02
   4.0132599e-02
   3.9848508e-02
   3.9791908e-02
   3.9657917e-02
   3.9355070e-02
   3.9303573e-02
   3.9191276e-02
   3.8863348e-02
   3.8817879e-02
   3.8726887e-02
   3.8372826e-02
   3.8333667e-02
   3.8261363e-02
   3.7968205e-02
   3.7849928e-02
   3.7793097e-02
   3.7654901e-02
   3.7365889e-02
   3.7321486e-02
   3.7233057e-02
   3.6881021e-02
   3.6846439e-02
   3.6785650e-02
   3.6622557e-02
   3.6368114e-02
   3.6324806e-02
   3.6239325e-02
   3.5886781e-02
   3.5855256e-02
   3.5801611e-02
   3.5676189e-02
   3.5379476e-02
   3.5343370e-02
   3.5278260e-02
   3.5075729e-02
   3.4873746e-02
   3.4833666e-02
   3.4757331e-02
   3.4396760e-02
   3.4370245e-02
   3.4327475e-02
   3.4242641e-02
   3.3896350e-02
   3.3869488e-02
   3.3825916e-02
   3.3738203e-02
   3.3397894e-02
   3.3371703e-02
   3.3329491e-02
   3.3245935e-02
   3.2901330e-02
   3.2876760e-02
   3.2837848e-02
   3.2764130e-02
   3.2406409e-02
   3.2384190e-02
   3.2349904e-02
   3.2288689e-02
   3.2111172e-02
   3.1893308e-02
   3.1864230e-02
   3.1815504e-02
   3.1707486e-02
   3.1403369e-02
   3.1379451e-02
   3.1341720e-02
   3.1270868e-02
   3.0913696e-02
   3.0894484e-02
   3.0865767e-02
   3.0817708e-02
   3.0711615e-02
   3.0408600e-02
   3.0386979e-02
   3.0353708e-02
   3.0294614e-02
   3.0128675e-02
   2.9905219e-02
   2.9881865e-02
   2.9845142e-02
   2.9776675e-02
   2.9460441e-02
   2.9404075e-02
   2.9380038e-02
   2.9341886e-02
   2.9269151e-02
   2.8921667e-02
   2.8905451e-02
   2.8881985e-02
   2.8844955e-02
   2.8775323e-02
   2.8424473e-02
   2.8409290e-02
   2.8387576e-02
   2.8353993e-02
   2.8293657e-02
   2.8113283e-02
   2.7915198e-02
   2.7896089e-02
   2.7867422e-02
   2.7819053e-02
   2.7709465e-02
   2.7422556e-02
   2.7406462e-02
   2.7383167e-02
   2.7346369e-02
   2.7276988e-02
   2.6930673e-02
   2.6917605e-02
   2.6899371e-02
   2.6872267e-02
   2.6827321e-02
   2.6730931e-02
   2.6428622e-02
   2.6414735e-02
   2.6395152e-02
   2.6365542e-02
   2.6314767e-02
   2.6193066e-02
   2.5928528e-02
   2.5914540e-02
   2.5894782e-02
   2.5864821e-02
   2.5813146e-02
   2.5686526e-02
   2.5430528e-02
   2.5417216e-02
   2.5398564e-02
   2.5370646e-02
   2.5323711e-02
   2.5218672e-02
   2.4934440e-02
   2.4922462e-02
   2.4905957e-02
   2.4881887e-02
   2.4843324e-02
   2.4768052e-02
   2.4439813e-02
   2.4429580e-02
   2.4415792e-02
   2.4396349e-02
   2.4366928e-02
   2.4316378e-02
   2.4194365e-02
   2.3937700e-02
   2.3926721e-02
   2.3911783e-02
   2.3890403e-02
   2.3857245e-02
   2.3797246e-02
   2.3610101e-02
   2.3437597e-02
   2.3426532e-02
   2.3411457e-02
   2.3389840e-02
   2.3356197e-02
   2.3294844e-02
   2.3091882e-02
   2.2939659e-02
   2.2929224e-02
   2.2915125e-02
   2.2895152e-02
   2.2864688e-02
   2.2811475e-02
   2.2674128e-02
   2.2443656e-02
   2.2434438e-02
   2.2422187e-02
   2.2405235e-02
   2.2380334e-02
   2.2339891e-02
   2.2258064e-02
   2.1949045e-02
   2.1941374e-02
   2.1931397e-02
   2.1918002e-02
   2.1899190e-02
   2.1870899e-02
   2.1822847e-02
   2.1711496e-02
   2.1449082e-02
   2.1441381e-02
   2.1431364e-02
   2.1417906e-02
   2.1398993e-02
   2.1370509e-02
   2.1321987e-02
   2.1208337e-02
   2.0951035e-02
   2.0943841e-02
   2.0934552e-02
   2.0922199e-02
   2.0905086e-02
   2.0879890e-02
   2.0838776e-02
   2.0754480e-02
   2.0454660e-02
   2.0448396e-02
   2.0440423e-02
   2.0430016e-02
   2.0415966e-02
   2.0396072e-02
   2.0365737e-02
   2.0312731e-02
   2.0175315e-02
   1.9954310e-02
   1.9947920e-02
   1.9939773e-02
   1.9929117e-02
   1.9914685e-02
   1.9894155e-02
   1.9862600e-02
   1.9806525e-02
   1.9648538e-02
   1.9455902e-02
   1.9449887e-02
   1.9442268e-02
   1.9432378e-02
   1.9419128e-02
   1.9400568e-02
   1.9372749e-02
   1.9325769e-02
   1.9218728e-02
   1.8959233e-02
   1.8954008e-02
   1.8947474e-02
   1.8939132e-02
   1.8928198e-02
   1.8913345e-02
   1.8892115e-02
   1.8859209e-02
   1.8799638e-02
   1.8609996e-02
   1.8459534e-02
   1.8454351e-02
   1.8447877e-02
   1.8439623e-02
   1.8428822e-02
   1.8414184e-02
   1.8393326e-02
   1.8361165e-02
   1.8303576e-02
   1.8132835e-02
   1.7961724e-02
   1.7957023e-02
   1.7951201e-02
   1.7943858e-02
   1.7934378e-02
   1.7921765e-02
   1.7904266e-02
   1.7878424e-02
   1.7835963e-02
   1.7746926e-02
   1.7465431e-02
   1.7461520e-02
   1.7456746e-02
   1.7450828e-02
   1.7443357e-02
   1.7433702e-02
   1.7420831e-02
   1.7402926e-02
   1.7376366e-02
   1.7332348e-02
   1.7237567e-02
   1.6966976e-02
   1.6963362e-02
   1.6958976e-02
   1.6953580e-02
   1.6946829e-02
   1.6938200e-02
   1.6926870e-02
   1.6911434e-02
   1.6889259e-02
   1.6854566e-02
   1.6790310e-02
   1.6492815e-02
   1.6466922e-02
   1.6463271e-02
   1.6458842e-02
   1.6453391e-02
   1.6446571e-02
   1.6437851e-02
   1.6426395e-02
   1.6410775e-02
   1.6388304e-02
   1.6353053e-02
   1.6287310e-02
   1.5971474e-02
   1.5968691e-02
   1.5965374e-02
   1.5961377e-02
   1.5956501e-02
   1.5950459e-02
   1.5942834e-02
   1.5932977e-02
   1.5919835e-02
   1.5901537e-02
   1.5874337e-02
   1.5829034e-02
   1.5729551e-02
   1.5471948e-02
   1.5469229e-02
   1.5465995e-02
   1.5462108e-02
   1.5457379e-02
   1.5451539e-02
   1.5444197e-02
   1.5434755e-02
   1.5422250e-02
   1.5404999e-02
   1.5379724e-02
   1.5338735e-02
   1.5255426e-02
   1.4973971e-02
   1.4971592e-02
   1.4968785e-02
   1.4965443e-02
   1.4961422e-02
   1.4956521e-02
   1.4950458e-02
   1.4942817e-02
   1.4932959e-02
   1.4919841e-02
   1.4901626e-02
   1.4874654e-02
   1.4830011e-02
   1.4733544e-02
   1.4475236e-02
   1.4473053e-02
   1.4470491e-02
   1.4467458e-02
   1.4463835e-02
   1.4459455e-02
   1.4454089e-02
   1.4447407e-02
   1.4438916e-02
   1.4427840e-02
   1.4412883e-02
   1.4391655e-02
   1.4359067e-02
   1.4300998e-02
   1.4126732e-02
   1.3976030e-02
   1.3973958e-02
   1.3971536e-02
   1.3968681e-02
   1.3965284e-02
   1.3961200e-02
   1.3956227e-02
   1.3950081e-02
   1.3942343e-02
   1.3932370e-02
   1.3919115e-02
   1.3900732e-02
   1.3873549e-02
   1.3828623e-02
   1.3731539e-02
   1.3478288e-02
   1.3476558e-02
   1.3474554e-02
   1.3472216e-02
   1.3469468e-02
   1.3466209e-02
   1.3462305e-02
   1.3457574e-02
   1.3451755e-02
   1.3444476e-02
   1.3435168e-02
   1.3422926e-02
   1.3406196e-02
   1.3382006e-02
   1.3343628e-02
   1.3269555e-02
   1.2980158e-02
   1.2978689e-02
   1.2977001e-02
   1.2975050e-02
   1.2972779e-02
   1.2970117e-02
   1.2966970e-02
   1.2963212e-02
   1.2958674e-02
   1.2953119e-02
   1.2946208e-02
   1.2937431e-02
   1.2925990e-02
   1.2910541e-02
   1.2888603e-02
   1.2854851e-02
   1.2794204e-02
   1.2592388e-02
   1.2480596e-02
   1.2479172e-02
   1.2477539e-02
   1.2475657e-02
   1.2473471e-02
   1.2470918e-02
   1.2467908e-02
   1.2464330e-02
   1.2460029e-02
   1.2454792e-02
   1.2448319e-02
   1.2440164e-02
   1.2429642e-02
   1.2415631e-02
   1.2396129e-02
   1.2367090e-02
   1.2318317e-02
   1.2205843e-02
   1.1982430e-02
   1.1981244e-02
   1.1979894e-02
   1.1978351e-02
   1.1976578e-02
   1.1974529e-02
   1.1972144e-02
   1.1969347e-02
   1.1966041e-02
   1.1962091e-02
   1.1957319e-02
   1.1951474e-02
   1.1944190e-02
   1.1934925e-02
   1.1922812e-02
   1.1906388e-02
   1.1882897e-02
   1.1846261e-02
   1.1778100e-02
   1.1484272e-02
   1.1483308e-02
   1.1482221e-02
   1.1480988e-02
   1.1479586e-02
   1.1477984e-02
   1.1476141e-02
   1.1474010e-02
   1.1471529e-02
   1.1468619e-02
   1.1465174e-02
   1.1461056e-02
   1.1456073e-02
   1.1449960e-02
   1.1442326e-02
   1.1432587e-02
   1.1419805e-02
   1.1402371e-02
   1.1377198e-02
   1.1337240e-02
   1.1259330e-02
   1.0985387e-02
   1.0984542e-02
   1.0983595e-02
   1.0982528e-02
   1.0981321e-02
   1.0979951e-02
   1.0978388e-02
   1.0976595e-02
   1.0974527e-02
   1.0972127e-02
   1.0969320e-02
   1.0966010e-02
   1.0962069e-02
   1.0957324e-02
   1.0951534e-02
   1.0944355e-02
   1.0935272e-02
   1.0923484e-02
   1.0907643e-02
   1.0885279e-02
   1.0851112e-02
   1.0790274e-02
   1.0589058e-02
   1.0486120e-02
   1.0485345e-02
   1.0484479e-02
   1.0483508e-02
   1.0482415e-02
   1.0481179e-02
   1.0479777e-02
   1.0478178e-02
   1.0476345e-02
   1.0474232e-02
   1.0471781e-02
   1.0468916e-02
   1.0465539e-02
   1.0461522e-02
   1.0456688e-02
   1.0450793e-02
   1.0443488e-02
   1.0434254e-02
   1.0422274e-02
   1.0406186e-02
   1.0383479e-02
   1.0348774e-02
   1.0286790e-02
   1.0067538e-02
   9.9873500e-03
   9.9866978e-03
   9.9859731e-03
   9.9851656e-03
   9.9842631e-03
   9.9832510e-03
   9.9821118e-03
   9.9808245e-03
   9.9793635e-03
   9.9776976e-03
   9.9757881e-03
   9.9735864e-03
   9.9710313e-03
   9.9680441e-03
   9.9645220e-03
   9.9603286e-03
   9.9552789e-03
   9.9491147e-03
   9.9414649e-03
   9.9317734e-03
   9.9191638e-03
   9.9021531e-03
   9.8779641e-03
   9.8404765e-03
   9.7711116e-03
   9.4889618e-03
   9.4884632e-03
   9.4879138e-03
   9.4873068e-03
   9.4866346e-03
   9.4858882e-03
   9.4850570e-03
   9.4841285e-03
   9.4830879e-03
   9.4819174e-03
   9.4805955e-03
   9.4790964e-03
   9.4773882e-03
   9.4754315e-03
   9.4731772e-03
   9.4705630e-03
   9.4675091e-03
   9.4639115e-03
   9.4596321e-03
   9.4544835e-03
   9.4482049e-03
   9.4404212e-03
   9.4305709e-03
   9.4177694e-03
   9.4005201e-03
   9.3760189e-03
   9.3380745e-03
   9.2677666e-03
   8.9900133e-03
   8.9896020e-03
   8.9891513e-03
   8.9886565e-03
   8.9881120e-03
   8.9875115e-03
   8.9868476e-03
   8.9861118e-03
   8.9852940e-03
   8.9843823e-03
   8.9833628e-03
   8.9822186e-03
   8.9809297e-03
   8.9794719e-03
   8.9778156e-03
   8.9759243e-03
   8.9737529e-03
   8.9712445e-03
   8.9683266e-03
   8.9649057e-03
   8.9608585e-03
   8.9560198e-03
   8.9501625e-03
   8.9429651e-03
   8.9339557e-03
   8.9224095e-03
   8.9071416e-03
   8.8860414e-03
   8.8548183e-03
   8.8024514e-03
   8.6762992e-03
   8.4908331e-03
   8.4904825e-03
   8.4901001e-03
   8.4896823e-03
   8.4892250e-03
   8.4887235e-03
   8.4881723e-03
   8.4875652e-03
   8.4868949e-03
   8.4861529e-03
   8.4853295e-03
   8.4844129e-03
   8.4833895e-03
   8.4822430e-03
   8.4809538e-03
   8.4794985e-03
   8.4778483e-03
   8.4759682e-03
   8.4738148e-03
   8.4713337e-03
   8.4684559e-03
   8.4650926e-03
   8.4611279e-03
   8.4564069e-03
   8.4507188e-03
   8.4437673e-03
   8.4351229e-03
   8.4241347e-03
   8.4097582e-03
   8.3901803e-03
   8.3618602e-03
   8.3163576e-03
   8.2220677e-03
   7.9918909e-03
   7.9916173e-03
   7.9913207e-03
   7.9909987e-03
   7.9906487e-03
   7.9902676e-03
   7.9898520e-03
   7.9893977e-03
   7.9889004e-03
   7.9883549e-03
   7.9877551e-03
   7.9870943e-03
   7.9863645e-03
   7.9855562e-03
   7.9846587e-03
   7.9836592e-03
   7.9825424e-03
   7.9812902e-03
   7.9798810e-03
   7.9782885e-03
   7.9764806e-03
   7.9744181e-03
   7.9720520e-03
   7.9693207e-03
   7.9661457e-03
   7.9624253e-03
   7.9580258e-03
   7.9527670e-03
   7.9464004e-03
   7.9385727e-03
   7.9287624e-03
   7.9161599e-03
   7.8994243e-03
   7.8761142e-03
   7.8410748e-03
   7.7799415e-03
   7.5815147e-03
   7.4927102e-03
   7.4924886e-03
   7.4922497e-03
   7.4919917e-03
   7.4917128e-03
   7.4914108e-03
   7.4910835e-03
   7.4907281e-03
   7.4903417e-03
   7.4899207e-03
   7.4894614e-03
   7.4889593e-03
   7.4884094e-03
   7.4878059e-03
   7.4871420e-03
   7.4864101e-03
   7.4856011e-03
   7.4847046e-03
   7.4837082e-03
   7.4825974e-03
   7.4813550e-03
   7.4799603e-03
   7.4783884e-03
   7.4766092e-03
   7.4745857e-03
   7.4722724e-03
   7.4696120e-03
   7.4665322e-03
   7.4629401e-03
   7.4587143e-03
   7.4536931e-03
   7.4476559e-03
   7.4402935e-03
   7.4311571e-03
   7.4195658e-03
   7.4044239e-03
   7.3838197e-03
   7.3539807e-03
   7.3057072e-03
   7.2017402e-03
   6.9936550e-03
   6.9934905e-03
   6.9933142e-03
   6.9931250e-03
   6.9929219e-03
   6.9927035e-03
   6.9924684e-03
   6.9922151e-03
   6.9919418e-03
   6.9916465e-03
   6.9913271e-03
   6.9909811e-03
   6.9906057e-03
   6.9901979e-03
   6.9897539e-03
   6.9892699e-03
   6.9887412e-03
   6.9881627e-03
   6.9875282e-03
   6.9868310e-03
   6.9860629e-03
   6.9852148e-03
   6.9842758e-03
   6.9832332e-03
   6.9820721e-03
   6.9807746e-03
   6.9793197e-03
   6.9776818e-03
   6.9758299e-03
   6.9737262e-03
   6.9713241e-03
   6.9685651e-03
   6.9653753e-03
   6.9616600e-03
   6.9572953e-03
   6.9521167e-03
   6.9458997e-03
   6.9383300e-03
   6.9289515e-03
   6.9170724e-03
   6.9015795e-03
   6.8805276e-03
   6.8500669e-03
   6.8007354e-03
   6.6930013e-03
   6.4944545e-03
   6.4943318e-03
   6.4942011e-03
   6.4940617e-03
   6.4939129e-03
   6.4937539e-03
   6.4935838e-03
   6.4934018e-03
   6.4932068e-03
   6.4929977e-03
   6.4927731e-03
   6.4925317e-03
   6.4922719e-03
   6.4919921e-03
   6.4916902e-03
   6.4913641e-03
   6.4910114e-03
   6.4906294e-03
   6.4902149e-03
   6.4897647e-03
   6.4892747e-03
   6.4887404e-03
   6.4881569e-03
   6.4875183e-03
   6.4868181e-03
   6.4860484e-03
   6.4852005e-03
   6.4842640e-03
   6.4832269e-03
   6.4820750e-03
   6.4807917e-03
   6.4793570e-03
   6.4777472e-03
   6.4759336e-03
   6.4738813e-03
   6.4715475e-03
   6.4688791e-03
   6.4658095e-03
   6.4622537e-03
   6.4581024e-03
   6.4532113e-03
   6.4473868e-03
   6.4403619e-03
   6.4317571e-03
   6.4210108e-03
   6.4072490e-03
   6.3890134e-03
   6.3636144e-03
   6.3252210e-03
   6.2564620e-03
   5.9952382e-03
   5.9951522e-03
   5.9950612e-03
   5.9949647e-03
   5.9948624e-03
   5.9947537e-03
   5.9946383e-03
   5.9945156e-03
   5.9943851e-03
   5.9942461e-03
   5.9940980e-03
   5.9939400e-03
   5.9937714e-03
   5.9935914e-03
   5.9933988e-03
   5.9931927e-03
   5.9929719e-03
   5.9927350e-03
   5.9924808e-03
   5.9922075e-03
   5.9919134e-03
   5.9915966e-03
   5.9912548e-03
   5.9908856e-03
   5.9904862e-03
   5.9900536e-03
   5.9895842e-03
   5.9890741e-03
   5.9885189e-03
   5.9879134e-03
   5.9872518e-03
   5.9865275e-03
   5.9857329e-03
   5.9848591e-03
   5.9838958e-03
   5.9828312e-03
   5.9816513e-03
   5.9803395e-03
   5.9788764e-03
   5.9772387e-03
   5.9753985e-03
   5.9733217e-03
   5.9709670e-03
   5.9682831e-03
   5.9652060e-03
   5.9616548e-03
   5.9575254e-03
   5.9526820e-03
   5.9469431e-03
   5.9400609e-03
   5.9316866e-03
   5.9213105e-03
   5.9081519e-03
   5.8909356e-03
   5.8673800e-03
   5.8327796e-03
   5.7745222e-03
   5.6141583e-03
   5.4958596e-03
   5.4957975e-03
   5.4957320e-03
   5.4956630e-03
   5.4955901e-03
   5.4955132e-03
   5.4954319e-03
   5.4953460e-03
   5.4952552e-03
   5.4951591e-03
   5.4950573e-03
   5.4949495e-03
   5.4948352e-03
   5.4947139e-03
   5.4945851e-03
   5.4944483e-03
   5.4943028e-03
   5.4941480e-03
   5.4939832e-03
   5.4938075e-03
   5.4936201e-03
   5.4934200e-03
   5.4932061e-03
   5.4929774e-03
   5.4927325e-03
   5.4924700e-03
   5.4921884e-03
   5.4918858e-03
   5.4915605e-03
   5.4912102e-03
   5.4908325e-03
   5.4904249e-03
   5.4899841e-03
   5.4895070e-03
   5.4889897e-03
   5.4884279e-03
   5.4878167e-03
   5.4871506e-03
   5.4864233e-03
   5.4856276e-03
   5.4847550e-03
   5.4837960e-03
   5.4827395e-03
   5.4815724e-03
   5.4802795e-03
   5.4788429e-03
   5.4772413e-03
   5.4754492e-03
