   1.7049852e-05
   1.8117038e-05
   1.9217809e-05
   2.0354297e-05
   2.1528718e-05
   2.2743373e-05
   2.4000654e-05
   2.5303052e-05
   2.6653158e-05
   2.8053676e-05
   2.9507424e-05
   3.1017341e-05
   3.2586498e-05
   3.4218103e-05
   3.5915506e-05
   3.7682214e-05
   3.9521891e-05
   4.1438376e-05
   4.3435685e-05
   4.5518024e-05
   4.7689801e-05
   4.9955634e-05
   5.2320364e-05
   5.4789067e-05
   5.7367066e-05
   6.0059947e-05
   6.2873569e-05
   6.5814082e-05
   6.8887943e-05
   7.2101931e-05
   7.5463163e-05
   7.8979116e-05
   8.2657643e-05
   8.6506997e-05
   9.0535849e-05
   9.4753311e-05
   9.9168963e-05
   1.0379287e-04
   1.0863563e-04
   1.1370838e-04
   1.1902281e-04
   1.2459124e-04
   1.3042664e-04
   1.3654264e-04
   1.4295356e-04
   1.4967451e-04
   1.5672137e-04
   1.6411084e-04
   1.7186054e-04
   1.7998898e-04
   1.8851568e-04
   1.9746116e-04
   2.0684706e-04
   2.1669615e-04
   2.2703243e-04
   2.3788118e-04
   2.4926903e-04
   2.6122403e-04
   2.7377574e-04
   2.8695533e-04
   3.0079564e-04
   3.1533128e-04
   3.3059875e-04
   3.4663651e-04
   3.6348513e-04
   3.8118740e-04
   3.9978842e-04
   4.1933579e-04
   4.3987970e-04
   4.6147312e-04
   4.8417191e-04
   5.0803503e-04
   5.3312472e-04
   5.5950664e-04
   5.8725013e-04
   6.1642836e-04
   6.4711860e-04
   6.7940247e-04
   7.1336612e-04
   7.4910057e-04
   7.8670197e-04
   8.2627188e-04
   8.6791764e-04
   9.1175266e-04
   9.5789679e-04
   1.0064767e-03
   1.0576265e-03
   1.1114876e-03
   1.1682098e-03
   1.2279516e-03
   1.2908804e-03
   1.3571735e-03
   1.4270184e-03
   1.5006136e-03
   1.5781691e-03
   1.6599073e-03
   1.7460635e-03
   1.8368871e-03
   1.9326420e-03
   2.0336079e-03
   2.1400810e-03
   2.2523753e-03
   2.3708235e-03
   2.4957783e-03
   2.6276136e-03
   2.7667261e-03
   2.9135362e-03
   3.0684902e-03
   3.2320615e-03
   3.4047526e-03
   3.5870969e-03
   3.7796607e-03
   3.9830454e-03
   4.1978900e-03
   4.4248734e-03
   4.6647170e-03
   4.9181878e-03
   5.1861014e-03
   5.4693253e-03
   5.7687823e-03
   6.0854546e-03
   6.4203878e-03
   6.7746953e-03
   7.1495631e-03
   7.5462548e-03
   7.9661174e-03
   8.4105872e-03
   8.8811962e-03
   9.3795790e-03
   9.9074804e-03
   1.0466764e-02
   1.1059420e-02
   1.1687577e-02
   1.2353509e-02
   1.3059649e-02
   1.3808603e-02
   1.4603160e-02
   1.5446306e-02
   1.6341246e-02
   1.7291414e-02
   1.8300498e-02
   1.9372456e-02
   2.0511544e-02
   2.1722335e-02
   2.3009753e-02
   2.4379100e-02
   2.5836091e-02
   2.7386888e-02
   2.9038148e-02
   3.0797064e-02
   3.2671415e-02
   3.4669629e-02
   3.6800841e-02
   3.9074971e-02
   4.1502799e-02
   4.4096061e-02
   4.6867549e-02
   4.9831234e-02
   5.3002399e-02
   5.6397792e-02
   6.0035810e-02
   6.3936706e-02
   6.8122831e-02
   7.2618921e-02
   7.7452440e-02
   8.2653984e-02
   8.8257771e-02
   9.4302241e-02
   1.0083080e-01
   1.0789273e-01
   1.1554440e-01
   1.2385079e-01
   1.3288750e-01
   1.4274363e-01
   1.5352565e-01
   1.6536334e-01
   1.7841904e-01
   1.9290338e-01
   2.0910581e-01
   2.2746692e-01
   2.4887560e-01
   2.4640906e-01
   2.4397688e-01
   2.4158034e-01
   2.3921492e-01
   2.3689807e-01
   2.3460753e-01
   2.3234855e-01
   2.3012409e-01
   2.2792182e-01
   2.2576334e-01
   2.2363546e-01
   2.2153357e-01
   2.1943559e-01
   2.1741798e-01
   2.1538959e-01
   2.1341609e-01
   2.1142478e-01
   2.0951876e-01
   2.0760921e-01
   2.0573536e-01
   2.0387532e-01
   2.0201626e-01
   2.0023130e-01
   1.9845137e-01
   1.9667728e-01
   1.9497371e-01
   1.9321962e-01
   1.9154156e-01
   1.8986770e-01
   1.8826036e-01
   1.8662421e-01
   1.8503459e-01
   1.8340594e-01
   1.8185225e-01
   1.8030311e-01
   1.7882187e-01
   1.7731673e-01
   1.7579056e-01
   1.7436303e-01
   1.7292508e-01
   1.7147699e-01
   1.7002617e-01
   1.6865958e-01
   1.6730948e-01
   1.6594777e-01
   1.6457524e-01
   1.6327799e-01
   1.6194021e-01
   1.6067219e-01
   1.5932491e-01
   1.5808911e-01
   1.5685515e-01
   1.5562646e-01
   1.5440521e-01
   1.5319099e-01
   1.5198096e-01
   1.5077140e-01
   1.4967967e-01
   1.4850488e-01
   1.4735645e-01
   1.4625392e-01
   1.4511655e-01
   1.4403071e-01
   1.4296744e-01
   1.4182082e-01
   1.4079482e-01
   1.3976661e-01
   1.3873841e-01
   1.3771362e-01
   1.3669685e-01
   1.3569212e-01
   1.3469946e-01
   1.3371476e-01
   1.3273322e-01
   1.3175123e-01
   1.3076637e-01
   1.2988420e-01
   1.2895332e-01
   1.2798982e-01
   1.2712447e-01
   1.2620704e-01
   1.2528107e-01
   1.2444030e-01
   1.2353690e-01
   1.2269404e-01
   1.2186201e-01
   1.2096017e-01
   1.2017159e-01
   1.1934842e-01
   1.1846255e-01
   1.1769284e-01
   1.1691527e-01
   1.1612560e-01
   1.1530351e-01
   1.1447775e-01
   1.1372694e-01
   1.1297779e-01
   1.1223107e-01
   1.1148737e-01
   1.1074701e-01
   1.1000987e-01
   1.0927550e-01
   1.0854314e-01
   1.0781192e-01
   1.0712546e-01
   1.0649110e-01
   1.0580353e-01
   1.0510121e-01
   1.0438967e-01
   1.0367093e-01
   1.0310866e-01
   1.0243469e-01
   1.0173369e-01
   1.0113638e-01
   1.0050517e-01
   9.9814657e-02
   9.9249425e-02
   9.8608183e-02
   9.7911961e-02
   9.7402983e-02
   9.6725918e-02
   9.6206377e-02
   9.5546173e-02
   9.5026808e-02
   9.4374099e-02
   9.3867071e-02
   9.3208885e-02
   9.2720902e-02
   9.2047871e-02
   9.1579285e-02
   9.1061999e-02
   9.0435605e-02
   8.9961555e-02
   8.9425751e-02
   8.8835894e-02
   8.8367547e-02
   8.7855005e-02
   8.7250061e-02
   8.6795874e-02
   8.6321685e-02
   8.5786393e-02
   8.5232937e-02
   8.4786075e-02
   8.4327631e-02
   8.3846491e-02
   8.3235049e-02
   8.2801351e-02
   8.2364130e-02
   8.1922489e-02
   8.1474854e-02
   8.1017969e-02
   8.0542584e-02
   7.9970585e-02
   7.9545947e-02
   7.9121216e-02
   7.8696605e-02
   7.8272361e-02
   7.7848757e-02
   7.7426086e-02
   7.7004640e-02
   7.6584691e-02
   7.6166461e-02
   7.5750091e-02
   7.5335623e-02
   7.4922990e-02
   7.4512025e-02
   7.4102481e-02
   7.3694061e-02
   7.3286447e-02
   7.2879325e-02
   7.2472399e-02
   7.2065408e-02
   7.1658123e-02
   7.1250353e-02
   7.1001802e-02
   7.0644960e-02
   7.0269794e-02
   6.9885123e-02
   6.9494154e-02
   6.9098470e-02
   6.8698990e-02
   6.8362079e-02
   6.8096258e-02
   6.7740862e-02
   6.7364063e-02
   6.6975893e-02
   6.6580231e-02
   6.6341918e-02
   6.6023111e-02
   6.5657568e-02
   6.5273906e-02
   6.4879731e-02
   6.4692355e-02
   6.4352444e-02
   6.3978423e-02
   6.3588616e-02
   6.3400970e-02
   6.3069265e-02
   6.2696576e-02
   6.2306163e-02
   6.2152343e-02
   6.1804709e-02
   6.1424669e-02
   6.1229509e-02
   6.0916705e-02
   6.0546772e-02
   6.0309587e-02
   6.0036981e-02
   5.9674208e-02
   5.9420858e-02
   5.9168729e-02
   5.8807621e-02
   5.8584475e-02
   5.8311643e-02
   5.7946203e-02
   5.7770284e-02
   5.7462020e-02
   5.7088021e-02
   5.6954877e-02
   5.6615125e-02
   5.6369748e-02
   5.6131558e-02
   5.5767127e-02
   5.5628847e-02
   5.5298935e-02
   5.5070973e-02
   5.4824828e-02
   5.4457110e-02
   5.4342370e-02
   5.3996943e-02
   5.3846209e-02
   5.3535195e-02
   5.3318395e-02
   5.3072085e-02
   5.2700968e-02
   5.2607999e-02
   5.2248416e-02
   5.2143575e-02
   5.1796525e-02
   5.1679800e-02
   5.1345664e-02
   5.1218092e-02
   5.0896179e-02
   5.0760248e-02
   5.0448344e-02
   5.0308117e-02
   5.0002322e-02
   4.9862934e-02
   4.9558129e-02
   4.9424715e-02
   4.9115630e-02
   4.8992220e-02
   4.8674559e-02
   4.8563548e-02
   4.8234557e-02
   4.8136809e-02
   4.7795220e-02
   4.7710491e-02
   4.7356148e-02
   4.7283528e-02
   4.6996340e-02
   4.6855231e-02
   4.6693226e-02
   4.6425188e-02
   4.6310617e-02
   4.5993174e-02
   4.5907448e-02
   4.5559093e-02
   4.5493116e-02
   4.5294117e-02
   4.5071277e-02
   4.4957531e-02
   4.4643821e-02
   4.4566495e-02
   4.4211892e-02
   4.4155916e-02
   4.4021527e-02
   4.3734345e-02
   4.3653636e-02
   4.3305427e-02
   4.3250649e-02
   4.3120914e-02
   4.2831817e-02
   4.2758352e-02
   4.2403503e-02
   4.2355246e-02
   4.2252422e-02
   4.1934890e-02
   4.1875603e-02
   4.1718248e-02
   4.1465683e-02
   4.1392956e-02
   4.1040477e-02
   4.0996468e-02
   4.0907764e-02
   4.0576916e-02
   4.0528034e-02
   4.0421275e-02
   4.0114299e-02
   4.0061331e-02
   3.9936212e-02
   3.9653031e-02
   3.9597341e-02
   3.9457450e-02
   3.9193418e-02
   3.9136866e-02
   3.8991204e-02
   3.8735605e-02
   3.8680278e-02
   3.8540956e-02
   3.8279536e-02
   3.8227379e-02
   3.8103935e-02
   3.7824961e-02
   3.7777455e-02
   3.7673882e-02
   3.7371485e-02
   3.7329493e-02
   3.7245475e-02
   3.6918634e-02
   3.6882429e-02
   3.6815591e-02
   3.6544675e-02
   3.6435334e-02
   3.6382741e-02
   3.6254877e-02
   3.5987495e-02
   3.5946356e-02
   3.5864443e-02
   3.5538419e-02
   3.5506342e-02
   3.5449967e-02
   3.5298747e-02
   3.5062835e-02
   3.5022625e-02
   3.4943272e-02
   3.4616077e-02
   3.4586773e-02
   3.4536915e-02
   3.4420370e-02
   3.4144686e-02
   3.4111090e-02
   3.4050515e-02
   3.3862132e-02
   3.3674248e-02
   3.3636915e-02
   3.3565825e-02
   3.3230103e-02
   3.3205377e-02
   3.3165497e-02
   3.3086409e-02
   3.2763637e-02
   3.2738560e-02
   3.2697890e-02
   3.2616032e-02
   3.2298495e-02
   3.2274019e-02
   3.2234576e-02
   3.2156514e-02
   3.1834626e-02
   3.1811641e-02
   3.1775242e-02
   3.1706296e-02
   3.1371802e-02
   3.1350994e-02
   3.1318888e-02
   3.1261573e-02
   3.1095395e-02
   3.0891445e-02
   3.0864186e-02
   3.0818514e-02
   3.0717281e-02
   3.0432298e-02
   3.0409852e-02
   3.0374446e-02
   3.0307970e-02
   2.9972921e-02
   2.9954871e-02
   2.9927895e-02
   2.9882753e-02
   2.9783114e-02
   2.9498559e-02
   2.9478226e-02
   2.9446939e-02
   2.9391375e-02
   2.9235375e-02
   2.9025301e-02
   2.9003315e-02
   2.8968747e-02
   2.8904305e-02
   2.8606710e-02
   2.8553645e-02
   2.8530993e-02
   2.8495042e-02
   2.8426511e-02
   2.8099163e-02
   2.8083864e-02
   2.8061726e-02
   2.8026796e-02
   2.7961120e-02
   2.7630251e-02
   2.7615911e-02
   2.7595404e-02
   2.7563692e-02
   2.7506723e-02
   2.7336434e-02
   2.7149422e-02
   2.7131356e-02
   2.7104257e-02
   2.7058537e-02
   2.6954963e-02
   2.6683816e-02
   2.6668585e-02
   2.6646540e-02
   2.6611719e-02
   2.6546073e-02
   2.6218444e-02
   2.6206064e-02
   2.6188789e-02
   2.6163113e-02
   2.6120540e-02
   2.6029246e-02
   2.5742945e-02
   2.5729774e-02
   2.5711203e-02
   2.5683124e-02
   2.5634980e-02
   2.5519595e-02
   2.5268799e-02
   2.5255518e-02
   2.5236761e-02
   2.5208321e-02
   2.5159272e-02
   2.5039099e-02
   2.4796142e-02
   2.4783490e-02
   2.4765765e-02
   2.4739236e-02
   2.4694639e-02
   2.4594842e-02
   2.4324808e-02
   2.4313412e-02
   2.4297711e-02
   2.4274814e-02
   2.4238133e-02
   2.4166541e-02
   2.3854374e-02
   2.3844627e-02
   2.3831497e-02
   2.3812981e-02
   2.3784966e-02
   2.3736835e-02
   2.3620669e-02
   2.3376312e-02
   2.3365845e-02
   2.3351604e-02
   2.3331224e-02
   2.3299618e-02
   2.3242431e-02
   2.3064072e-02
   2.2899664e-02
   2.2889104e-02
   2.2874719e-02
   2.2854091e-02
   2.2821989e-02
   2.2763451e-02
   2.2569816e-02
   2.2424585e-02
   2.2414616e-02
   2.2401148e-02
   2.2382068e-02
   2.2352969e-02
   2.2302144e-02
   2.2170970e-02
   2.1950859e-02
   2.1942044e-02
   2.1930328e-02
   2.1914118e-02
   2.1890308e-02
   2.1851638e-02
   2.1773405e-02
   2.1477974e-02
   2.1470630e-02
   2.1461080e-02
   2.1448257e-02
   2.1430250e-02
   2.1403170e-02
   2.1357179e-02
   2.1250609e-02
   2.0999471e-02
   2.0992091e-02
   2.0982491e-02
   2.0969595e-02
   2.0951473e-02
   2.0924180e-02
   2.0877691e-02
   2.0768808e-02
   2.0522305e-02
   2.0515403e-02
   2.0506493e-02
   2.0494643e-02
   2.0478228e-02
   2.0454061e-02
   2.0414628e-02
   2.0333782e-02
   2.0046249e-02
   2.0040233e-02
   2.0032576e-02
   2.0022583e-02
   2.0009092e-02
   1.9989991e-02
   1.9960865e-02
   1.9909974e-02
   1.9778049e-02
   1.9565877e-02
   1.9559734e-02
   1.9551903e-02
   1.9541660e-02
   1.9527788e-02
   1.9508056e-02
   1.9477727e-02
   1.9423834e-02
   1.9272004e-02
   1.9086874e-02
   1.9081086e-02
   1.9073754e-02
   1.9064238e-02
   1.9051489e-02
   1.9033631e-02
   1.9006866e-02
   1.8961667e-02
   1.8858689e-02
   1.8609049e-02
   1.8604016e-02
   1.8597722e-02
   1.8589687e-02
   1.8579155e-02
   1.8564849e-02
   1.8544402e-02
   1.8512710e-02
   1.8455339e-02
   1.8272709e-02
   1.8127809e-02
   1.8122811e-02
   1.8116568e-02
   1.8108610e-02
   1.8098196e-02
   1.8084082e-02
   1.8063972e-02
   1.8032966e-02
   1.7977446e-02
   1.7812848e-02
   1.7647892e-02
   1.7643355e-02
   1.7637735e-02
   1.7630647e-02
   1.7621497e-02
   1.7609323e-02
   1.7592435e-02
   1.7567494e-02
   1.7526517e-02
   1.7440592e-02
   1.7168945e-02
   1.7165166e-02
   1.7160553e-02
   1.7154835e-02
   1.7147617e-02
   1.7138288e-02
   1.7125853e-02
   1.7108555e-02
   1.7082895e-02
   1.7040371e-02
   1.6948809e-02
   1.6687414e-02
   1.6683918e-02
   1.6679676e-02
   1.6674457e-02
   1.6667927e-02
   1.6659582e-02
   1.6648624e-02
   1.6633695e-02
   1.6612250e-02
   1.6578699e-02
   1.6516561e-02
   1.6228880e-02
   1.6203837e-02
   1.6200303e-02
   1.6196014e-02
   1.6190737e-02
   1.6184133e-02
   1.6175691e-02
   1.6164600e-02
   1.6149479e-02
   1.6127725e-02
   1.6093599e-02
   1.6029958e-02
   1.5724226e-02
   1.5721528e-02
   1.5718313e-02
   1.5714439e-02
   1.5709713e-02
   1.5703858e-02
   1.5696467e-02
   1.5686915e-02
   1.5674179e-02
   1.5656446e-02
   1.5630087e-02
   1.5586187e-02
   1.5489785e-02
   1.5240165e-02
   1.5237527e-02
   1.5234389e-02
   1.5230618e-02
   1.5226030e-02
   1.5220364e-02
   1.5213241e-02
   1.5204082e-02
   1.5191950e-02
   1.5175215e-02
   1.5150697e-02
   1.5110936e-02
   1.5030124e-02
   1.4757109e-02
   1.4754799e-02
   1.4752073e-02
   1.4748828e-02
   1.4744922e-02
   1.4740163e-02
   1.4734275e-02
   1.4726854e-02
   1.4717280e-02
   1.4704542e-02
   1.4686854e-02
   1.4660662e-02
   1.4617312e-02
   1.4523640e-02
   1.4272821e-02
   1.4270698e-02
   1.4268208e-02
   1.4265260e-02
   1.4261737e-02
   1.4257479e-02
   1.4252263e-02
   1.4245767e-02
   1.4237512e-02
   1.4226746e-02
   1.4212207e-02
   1.4191571e-02
   1.4159894e-02
   1.4103449e-02
   1.3934061e-02
   1.3787576e-02
   1.3785560e-02
   1.3783203e-02
   1.3780424e-02
   1.3777119e-02
   1.3773144e-02
   1.3768305e-02
   1.3762324e-02
   1.3754794e-02
   1.3745089e-02
   1.3732191e-02
   1.3714304e-02
   1.3687854e-02
   1.3644139e-02
   1.3549674e-02
   1.3303260e-02
   1.3301574e-02
   1.3299622e-02
   1.3297344e-02
   1.3294667e-02
   1.3291492e-02
   1.3287690e-02
   1.3283080e-02
   1.3277413e-02
   1.3270321e-02
   1.3261255e-02
   1.3249331e-02
   1.3233034e-02
   1.3209473e-02
   1.3172091e-02
   1.3099943e-02
   1.2818068e-02
   1.2816636e-02
   1.2814990e-02
   1.2813087e-02
   1.2810873e-02
   1.2808277e-02
   1.2805207e-02
   1.2801543e-02
   1.2797118e-02
   1.2791702e-02
   1.2784963e-02
   1.2776404e-02
   1.2765248e-02
   1.2750185e-02
   1.2728794e-02
   1.2695885e-02
   1.2636753e-02
   1.2439982e-02
   1.2330983e-02
   1.2329593e-02
   1.2327999e-02
   1.2326161e-02
   1.2324028e-02
   1.2321535e-02
   1.2318598e-02
   1.2315105e-02
   1.2310906e-02
   1.2305795e-02
   1.2299476e-02
   1.2291516e-02
   1.2281246e-02
   1.2267570e-02
   1.2248536e-02
   1.2220193e-02
   1.2172590e-02
   1.2062814e-02
   1.1844762e-02
   1.1843602e-02
   1.1842283e-02
   1.1840776e-02
   1.1839043e-02
   1.1837041e-02
   1.1834710e-02
   1.1831978e-02
   1.1828747e-02
   1.1824888e-02
   1.1820225e-02
   1.1814514e-02
   1.1807397e-02
   1.1798344e-02
   1.1786510e-02
   1.1770463e-02
   1.1747512e-02
   1.1711717e-02
   1.1645122e-02
   1.1358052e-02
   1.1357109e-02
   1.1356045e-02
   1.1354840e-02
   1.1353469e-02
   1.1351901e-02
   1.1350099e-02
   1.1348014e-02
   1.1345588e-02
   1.1342741e-02
   1.1339372e-02
   1.1335344e-02
   1.1330471e-02
   1.1324491e-02
   1.1317025e-02
   1.1307500e-02
   1.1294998e-02
   1.1277947e-02
   1.1253328e-02
   1.1214248e-02
   1.1138050e-02
   1.0870134e-02
   1.0869307e-02
   1.0868379e-02
   1.0867334e-02
   1.0866152e-02
   1.0864811e-02
   1.0863280e-02
   1.0861525e-02
   1.0859501e-02
   1.0857150e-02
   1.0854402e-02
   1.0851161e-02
   1.0847302e-02
   1.0842657e-02
   1.0836988e-02
   1.0829959e-02
   1.0821068e-02
   1.0809526e-02
   1.0794018e-02
   1.0772122e-02
   1.0738672e-02
   1.0679111e-02
   1.0482120e-02
   1.0381343e-02
   1.0380584e-02
   1.0379735e-02
   1.0378783e-02
   1.0377711e-02
   1.0376500e-02
   1.0375126e-02
   1.0373558e-02
   1.0371762e-02
   1.0369692e-02
   1.0367289e-02
   1.0364481e-02
   1.0361172e-02
   1.0357234e-02
   1.0352497e-02
   1.0346720e-02
   1.0339561e-02
   1.0330510e-02
   1.0318770e-02
   1.0303004e-02
   1.0280750e-02
   1.0246738e-02
   1.0185994e-02
   9.9711255e-03
   9.8925411e-03
   9.8919011e-03
   9.8911901e-03
   9.8903979e-03
   9.8895124e-03
   9.8885194e-03
   9.8874017e-03
   9.8861387e-03
   9.8847054e-03
   9.8830710e-03
   9.8811976e-03
   9.8790376e-03
   9.8765308e-03
   9.8736001e-03
   9.8701447e-03
   9.8660308e-03
   9.8610768e-03
   9.8550295e-03
   9.8475247e-03
   9.8380170e-03
   9.8256467e-03
   9.8089588e-03
   9.7852290e-03
   9.7484532e-03
   9.6804057e-03
   9.4036163e-03
   9.4031266e-03
   9.4025870e-03
   9.4019909e-03
   9.4013307e-03
   9.4005976e-03
   9.3997813e-03
   9.3988694e-03
   9.3978474e-03
   9.3966979e-03
   9.3953997e-03
   9.3939275e-03
   9.3922499e-03
   9.3903283e-03
   9.3881144e-03
   9.3855471e-03
   9.3825480e-03
   9.3790150e-03
   9.3748124e-03
   9.3697563e-03
   9.3635905e-03
   9.3559466e-03
   9.3462734e-03
   9.3337020e-03
   9.3167628e-03
   9.2927023e-03
   9.2554406e-03
   9.1863978e-03
   8.9136437e-03
   8.9132393e-03
   8.9127962e-03
   8.9123098e-03
   8.9117745e-03
   8.9111841e-03
   8.9105315e-03
   8.9098081e-03
   8.9090041e-03
   8.9081078e-03
   8.9071055e-03
   8.9059807e-03
   8.9047136e-03
   8.9032805e-03
   8.9016522e-03
   8.8997930e-03
   8.8976584e-03
   8.8951925e-03
   8.8923241e-03
   8.8889611e-03
   8.8849826e-03
   8.8802260e-03
   8.8744681e-03
   8.8673928e-03
   8.8585364e-03
   8.8471862e-03
   8.8321776e-03
   8.8114359e-03
   8.7807433e-03
   8.7292663e-03
   8.6052584e-03
   8.4229449e-03
   8.4225998e-03
   8.4222235e-03
   8.4218123e-03
   8.4213623e-03
   8.4208687e-03
   8.4203263e-03
   8.4197289e-03
   8.4190692e-03
   8.4183391e-03
   8.4175288e-03
   8.4166268e-03
   8.4156197e-03
   8.4144914e-03
   8.4132228e-03
   8.4117906e-03
   8.4101668e-03
   8.4083167e-03
   8.4061976e-03
   8.4037561e-03
   8.4009242e-03
   8.3976146e-03
   8.3937132e-03
   8.3890677e-03
   8.3834703e-03
   8.3766299e-03
   8.3681237e-03
   8.3573112e-03
   8.3431645e-03
   8.3238996e-03
   8.2960324e-03
   8.2512575e-03
   8.1584760e-03
   7.9319818e-03
   7.9317122e-03
   7.9314201e-03
   7.9311029e-03
   7.9307582e-03
   7.9303827e-03
   7.9299732e-03
   7.9295258e-03
   7.9290359e-03
   7.9284985e-03
   7.9279077e-03
   7.9272568e-03
   7.9265378e-03
   7.9257416e-03
   7.9248576e-03
   7.9238729e-03
   7.9227728e-03
   7.9215394e-03
   7.9201512e-03
   7.9185825e-03
   7.9168017e-03
   7.9147701e-03
   7.9124393e-03
   7.9097489e-03
   7.9066214e-03
   7.9029568e-03
   7.8986231e-03
   7.8934431e-03
   7.8871718e-03
   7.8794615e-03
   7.8697981e-03
   7.8573845e-03
   7.8408998e-03
   7.8179392e-03
   7.7834252e-03
   7.7232087e-03
   7.5277581e-03
   7.4402855e-03
   7.4400669e-03
   7.4398313e-03
   7.4395769e-03
   7.4393019e-03
   7.4390041e-03
   7.4386814e-03
   7.4383309e-03
   7.4379498e-03
   7.4375348e-03
   7.4370819e-03
   7.4365868e-03
   7.4360445e-03
   7.4354494e-03
   7.4347948e-03
   7.4340730e-03
   7.4332754e-03
   7.4323913e-03
   7.4314089e-03
   7.4303136e-03
   7.4290885e-03
   7.4277133e-03
   7.4261633e-03
   7.4244090e-03
   7.4224138e-03
   7.4201327e-03
   7.4175095e-03
   7.4144728e-03
   7.4109309e-03
   7.4067642e-03
   7.4018132e-03
   7.3958604e-03
   7.3886009e-03
   7.3795924e-03
   7.3681632e-03
   7.3532332e-03
   7.3329174e-03
   7.3034960e-03
   7.2558981e-03
   7.1533865e-03
   6.9482144e-03
   6.9480519e-03
   6.9478779e-03
   6.9476912e-03
   6.9474906e-03
   6.9472751e-03
   6.9470430e-03
   6.9467930e-03
   6.9465232e-03
   6.9462318e-03
   6.9459165e-03
   6.9455750e-03
   6.9452045e-03
   6.9448019e-03
   6.9443637e-03
   6.9438859e-03
   6.9433641e-03
   6.9427930e-03
   6.9421668e-03
   6.9414786e-03
   6.9407205e-03
   6.9398834e-03
   6.9389565e-03
   6.9379275e-03
   6.9367814e-03
   6.9355008e-03
   6.9340647e-03
   6.9324480e-03
   6.9306201e-03
   6.9285438e-03
   6.9261728e-03
   6.9234496e-03
   6.9203013e-03
   6.9166342e-03
   6.9123262e-03
   6.9072148e-03
   6.9010785e-03
   6.8936071e-03
   6.8843505e-03
   6.8726257e-03
   6.8573341e-03
   6.8365559e-03
   6.8064911e-03
   6.7578008e-03
   6.6514671e-03
   6.4555012e-03
   6.4553800e-03
   6.4552509e-03
   6.4551131e-03
   6.4549661e-03
   6.4548090e-03
   6.4546410e-03
   6.4544611e-03
   6.4542684e-03
   6.4540618e-03
   6.4538399e-03
   6.4536014e-03
   6.4533447e-03
   6.4530682e-03
   6.4527699e-03
   6.4524477e-03
   6.4520992e-03
   6.4517218e-03
   6.4513123e-03
   6.4508674e-03
   6.4503833e-03
   6.4498554e-03
   6.4492789e-03
   6.4486480e-03
   6.4479561e-03
   6.4471956e-03
   6.4463578e-03
   6.4454325e-03
   6.4444079e-03
   6.4432698e-03
   6.4420018e-03
   6.4405843e-03
   6.4389938e-03
   6.4372019e-03
   6.4351742e-03
   6.4328684e-03
   6.4302320e-03
   6.4271991e-03
   6.4236860e-03
   6.4195844e-03
   6.4147520e-03
   6.4089973e-03
   6.4020567e-03
   6.3935551e-03
   6.3829376e-03
   6.3693409e-03
   6.3513241e-03
   6.3262298e-03
   6.2882971e-03
   6.2203631e-03
   5.9622738e-03
   5.9621889e-03
   5.9620988e-03
   5.9620034e-03
   5.9619022e-03
   5.9617947e-03
   5.9616805e-03
   5.9615592e-03
   5.9614301e-03
   5.9612926e-03
   5.9611461e-03
   5.9609899e-03
   5.9608232e-03
   5.9606450e-03
   5.9604546e-03
   5.9602507e-03
   5.9600323e-03
   5.9597981e-03
   5.9595466e-03
   5.9592763e-03
   5.9589855e-03
   5.9586721e-03
   5.9583341e-03
   5.9579689e-03
   5.9575739e-03
   5.9571460e-03
   5.9566818e-03
   5.9561773e-03
   5.9556282e-03
   5.9550293e-03
   5.9543750e-03
   5.9536587e-03
   5.9528728e-03
   5.9520086e-03
   5.9510559e-03
   5.9500030e-03
   5.9488360e-03
   5.9475386e-03
   5.9460916e-03
   5.9444719e-03
   5.9426518e-03
   5.9405979e-03
   5.9382690e-03
   5.9356146e-03
   5.9325713e-03
   5.9290592e-03
   5.9249752e-03
   5.9201850e-03
   5.9145092e-03
   5.9077027e-03
   5.8994204e-03
   5.8891584e-03
   5.8761446e-03
   5.8591176e-03
   5.8358210e-03
   5.8016012e-03
   5.7439846e-03
   5.5853846e-03
   5.4683872e-03
   5.4683257e-03
   5.4682608e-03
   5.4681925e-03
   5.4681203e-03
   5.4680441e-03
   5.4679637e-03
   5.4678787e-03
   5.4677887e-03
   5.4676936e-03
   5.4675928e-03
   5.4674861e-03
   5.4673729e-03
   5.4672528e-03
   5.4671253e-03
   5.4669898e-03
   5.4668458e-03
   5.4666926e-03
   5.4665294e-03
   5.4663554e-03
   5.4661699e-03
   5.4659718e-03
   5.4657601e-03
   5.4655336e-03
   5.4652911e-03
   5.4650313e-03
   5.4647524e-03
   5.4644529e-03
   5.4641308e-03
   5.4637840e-03
   5.4634101e-03
   5.4630065e-03
   5.4625702e-03
   5.4620979e-03
   5.4615857e-03
   5.4610295e-03
   5.4604244e-03
   5.4597650e-03
   5.4590449e-03
   5.4582571e-03
   5.4573932e-03
   5.4564438e-03
   5.4553979e-03
   5.4542424e-03
   5.4529625e-03
   5.4515402e-03
   5.4499546e-03
   5.4481803e-03
