   3.3364631e-01
   3.3364574e-01
   3.3364513e-01
   3.3364448e-01
   3.3364379e-01
   3.3364306e-01
   3.3364229e-01
   3.3364148e-01
   3.3364062e-01
   3.3363971e-01
   3.3363875e-01
   3.3363774e-01
   3.3363667e-01
   3.3363555e-01
   3.3363437e-01
   3.3363313e-01
   3.3363183e-01
   3.3363046e-01
   3.3362902e-01
   3.3362750e-01
   3.3362591e-01
   3.3362424e-01
   3.3362248e-01
   3.3362064e-01
   3.3361870e-01
   3.3361667e-01
   3.3361454e-01
   3.3361230e-01
   3.3360995e-01
   3.3360748e-01
   3.3360489e-01
   3.3360217e-01
   3.3359932e-01
   3.3359633e-01
   3.3359319e-01
   3.3358989e-01
   3.3358643e-01
   3.3358280e-01
   3.3357899e-01
   3.3357499e-01
   3.3357080e-01
   3.3356639e-01
   3.3356177e-01
   3.3355692e-01
   3.3355183e-01
   3.3354648e-01
   3.3354087e-01
   3.3353498e-01
   3.3352879e-01
   3.3352229e-01
   3.3351547e-01
   3.3350831e-01
   3.3350079e-01
   3.3349290e-01
   3.3348460e-01
   3.3347589e-01
   3.3346674e-01
   3.3345713e-01
   3.3344703e-01
   3.3343642e-01
   3.3342527e-01
   3.3341356e-01
   3.3340125e-01
   3.3338832e-01
   3.3337473e-01
   3.3336044e-01
   3.3334542e-01
   3.3332964e-01
   3.3331304e-01
   3.3329560e-01
   3.3327725e-01
   3.3325796e-01
   3.3323768e-01
   3.3321635e-01
   3.3319391e-01
   3.3317032e-01
   3.3314549e-01
   3.3311938e-01
   3.3309190e-01
   3.3306300e-01
   3.3303258e-01
   3.3300057e-01
   3.3296688e-01
   3.3293142e-01
   3.3289410e-01
   3.3285481e-01
   3.3281345e-01
   3.3276990e-01
   3.3272405e-01
   3.3267576e-01
   3.3262491e-01
   3.3257135e-01
   3.3251493e-01
   3.3245550e-01
   3.3239288e-01
   3.3232692e-01
   3.3225740e-01
   3.3218415e-01
   3.3210694e-01
   3.3202557e-01
   3.3193979e-01
   3.3184936e-01
   3.3175402e-01
   3.3165348e-01
   3.3154747e-01
   3.3143565e-01
   3.3131772e-01
   3.3119331e-01
   3.3106207e-01
   3.3092359e-01
   3.3077746e-01
   3.3062325e-01
   3.3046049e-01
   3.3028868e-01
   3.3010729e-01
   3.2991578e-01
   3.2971356e-01
   3.2949999e-01
   3.2927442e-01
   3.2903613e-01
   3.2878438e-01
   3.2851837e-01
   3.2823726e-01
   3.2794015e-01
   3.2762608e-01
   3.2729404e-01
   3.2694295e-01
   3.2657166e-01
   3.2617895e-01
   3.2576352e-01
   3.2532398e-01
   3.2485885e-01
   3.2436657e-01
   3.2384547e-01
   3.2329375e-01
   3.2270951e-01
   3.2209072e-01
   3.2143522e-01
   3.2074069e-01
   3.2000465e-01
   3.1922447e-01
   3.1839732e-01
   3.1752018e-01
   3.1658982e-01
   3.1560278e-01
   3.1455534e-01
   3.1344354e-01
   3.1226312e-01
   3.1100949e-01
   3.0967775e-01
   3.0826261e-01
   3.0675841e-01
   3.0515902e-01
   3.0345787e-01
   3.0164785e-01
   2.9972131e-01
   2.9766997e-01
   2.9548488e-01
   2.9315635e-01
   2.9067387e-01
   2.8802602e-01
   2.8520040e-01
   2.8218351e-01
   2.7896058e-01
   2.7551550e-01
   2.7183061e-01
   2.6788650e-01
   2.6366179e-01
   2.5913285e-01
   2.5427347e-01
   2.4905449e-01
   2.4344321e-01
   2.3740287e-01
   2.3089172e-01
   2.2386205e-01
   2.1625856e-01
   2.0801628e-01
   1.9905712e-01
   1.8928394e-01
   1.7856825e-01
   1.6670840e-01
   1.6648560e-01
   1.6615270e-01
   1.6574713e-01
   1.6528424e-01
   1.6477782e-01
   1.6423075e-01
   1.6364956e-01
   1.6303954e-01
   1.6240099e-01
   1.6174327e-01
   1.6106553e-01
   1.6036867e-01
   1.5964711e-01
   1.5892911e-01
   1.5818474e-01
   1.5743913e-01
   1.5666637e-01
   1.5590749e-01
   1.5512925e-01
   1.5434827e-01
   1.5355660e-01
   1.5274935e-01
   1.5195920e-01
   1.5115714e-01
   1.5034390e-01
   1.4954996e-01
   1.4871984e-01
   1.4791341e-01
   1.4709746e-01
   1.4630302e-01
   1.4548385e-01
   1.4467769e-01
   1.4384168e-01
   1.4303437e-01
   1.4222027e-01
   1.4143319e-01
   1.4062514e-01
   1.3979734e-01
   1.3901506e-01
   1.3821967e-01
   1.3741122e-01
   1.3659381e-01
   1.3581685e-01
   1.3504284e-01
   1.3425585e-01
   1.3345620e-01
   1.3269431e-01
   1.3190281e-01
   1.3114686e-01
   1.3033803e-01
   1.2959058e-01
   1.2883926e-01
   1.2808621e-01
   1.2733287e-01
   1.2657910e-01
   1.2582324e-01
   1.2506301e-01
   1.2437264e-01
   1.2362578e-01
   1.2289144e-01
   1.2218253e-01
   1.2144734e-01
   1.2074168e-01
   1.2004713e-01
   1.1929448e-01
   1.1861741e-01
   1.1793571e-01
   1.1725085e-01
   1.1656513e-01
   1.1588168e-01
   1.1520332e-01
   1.1453016e-01
   1.1385955e-01
   1.1318827e-01
   1.1251389e-01
   1.1183474e-01
   1.1122384e-01
   1.1057692e-01
   1.0990477e-01
   1.0929866e-01
   1.0865389e-01
   1.0800068e-01
   1.0740538e-01
   1.0676360e-01
   1.0616272e-01
   1.0556756e-01
   1.0492045e-01
   1.0435259e-01
   1.0375803e-01
   1.0311623e-01
   1.0255667e-01
   1.0198975e-01
   1.0141236e-01
   1.0080950e-01
   1.0020213e-01
   9.9648193e-02
   9.9093955e-02
   9.8540012e-02
   9.7986830e-02
   9.7434653e-02
   9.6883432e-02
   9.6332836e-02
   9.5782325e-02
   9.5231252e-02
   9.4712564e-02
   9.4232088e-02
   9.3710203e-02
   9.3175860e-02
   9.2633199e-02
   9.2083706e-02
   9.1652719e-02
   9.1135221e-02
   9.0595739e-02
   9.0134916e-02
   8.9647026e-02
   8.9112186e-02
   8.8673314e-02
   8.8174574e-02
   8.7631920e-02
   8.7234239e-02
   8.6704444e-02
   8.6296948e-02
   8.5778344e-02
   8.5369437e-02
   8.4854774e-02
   8.4454079e-02
   8.3933171e-02
   8.3546098e-02
   8.3011494e-02
   8.2638444e-02
   8.2226027e-02
   8.1725884e-02
   8.1346580e-02
   8.0917251e-02
   8.0443883e-02
   8.0067285e-02
   7.9654566e-02
   7.9166738e-02
   7.8799749e-02
   7.8416069e-02
   7.7982346e-02
   7.7533220e-02
   7.7169938e-02
   7.6796738e-02
   7.6404530e-02
   7.5905438e-02
   7.5550746e-02
   7.5192711e-02
   7.4830586e-02
   7.4463067e-02
   7.4087462e-02
   7.3696129e-02
   7.3224648e-02
   7.2874010e-02
   7.2522860e-02
   7.2171375e-02
   7.1819761e-02
   7.1468247e-02
   7.1117077e-02
   7.0766500e-02
   7.0416745e-02
   7.0068001e-02
   6.9720394e-02
   6.9373964e-02
   6.9028661e-02
   6.8684351e-02
   6.8340832e-02
   6.7997859e-02
   6.7655168e-02
   6.7312498e-02
   6.6969601e-02
   6.6626257e-02
   6.6282274e-02
   6.5937488e-02
   6.5727009e-02
   6.5424734e-02
   6.5106628e-02
   6.4780125e-02
   6.4447923e-02
   6.4111351e-02
   6.3771178e-02
   6.3483935e-02
   6.3257081e-02
   6.2953620e-02
   6.2631574e-02
   6.2299464e-02
   6.1960583e-02
   6.1756178e-02
   6.1482654e-02
   6.1168770e-02
   6.0838997e-02
   6.0499830e-02
   6.0338349e-02
   6.0045429e-02
   5.9722817e-02
   5.9386242e-02
   5.9223973e-02
   5.8937138e-02
   5.8614572e-02
   5.8276319e-02
   5.8142828e-02
   5.7841221e-02
   5.7511182e-02
   5.7341456e-02
   5.7069407e-02
   5.6747398e-02
   5.6540676e-02
   5.6303010e-02
   5.5986505e-02
   5.5765201e-02
   5.5544873e-02
   5.5229105e-02
   5.5033731e-02
   5.4794800e-02
   5.4474528e-02
   5.4320136e-02
   5.4049608e-02
   5.3721107e-02
   5.3603975e-02
   5.3305180e-02
   5.3089136e-02
   5.2879343e-02
   5.2558152e-02
   5.2436095e-02
   5.2144966e-02
   5.1943572e-02
   5.1726056e-02
   5.1400879e-02
   5.1299250e-02
   5.0993422e-02
   5.0859782e-02
   5.0584085e-02
   5.0391689e-02
   5.0173061e-02
   4.9843409e-02
   4.9760688e-02
   4.9440914e-02
   4.9347532e-02
   4.9038549e-02
   4.8934473e-02
   4.8636647e-02
   4.8522777e-02
   4.8235519e-02
   4.8114058e-02
   4.7835415e-02
   4.7709978e-02
   4.7436487e-02
   4.7311663e-02
   4.7038754e-02
   4.6919146e-02
   4.6642102e-02
   4.6531337e-02
   4.6246297e-02
   4.6146546e-02
   4.5851020e-02
   4.5763086e-02
   4.5455913e-02
   4.5379602e-02
   4.5060616e-02
   4.4995135e-02
   4.4736309e-02
   4.4609062e-02
   4.4462870e-02
   4.4221006e-02
   4.4117492e-02
   4.3830760e-02
   4.3753213e-02
   4.3438229e-02
   4.3378476e-02
   4.3198322e-02
   4.2996561e-02
   4.2893455e-02
   4.2609159e-02
   4.2538980e-02
   4.2217293e-02
   4.2166428e-02
   4.2044351e-02
   4.1783515e-02
   4.1710107e-02
   4.1393525e-02
   4.1343641e-02
   4.1225534e-02
   4.0962386e-02
   4.0895420e-02
   4.0572098e-02
   4.0528055e-02
   4.0434236e-02
   4.0144587e-02
   4.0090423e-02
   3.9946711e-02
   3.9716052e-02
   3.9649543e-02
   3.9327328e-02
   3.9287030e-02
   3.9205828e-02
   3.8903050e-02
   3.8858245e-02
   3.8760415e-02
   3.8479170e-02
   3.8430569e-02
   3.8315796e-02
   3.8056063e-02
   3.8004911e-02
   3.7876451e-02
   3.7634015e-02
   3.7582015e-02
   3.7448113e-02
   3.7213164e-02
   3.7162235e-02
   3.7034022e-02
   3.6793465e-02
   3.6745401e-02
   3.6631675e-02
   3.6374692e-02
   3.6330867e-02
   3.6235341e-02
   3.5956486e-02
   3.5917704e-02
   3.5840127e-02
   3.5538413e-02
   3.5504939e-02
   3.5443155e-02
   3.5192793e-02
   3.5091713e-02
   3.5043041e-02
   3.4924735e-02
   3.4677365e-02
   3.4639250e-02
   3.4563372e-02
   3.4261439e-02
   3.4231686e-02
   3.4179403e-02
   3.4039193e-02
   3.3820462e-02
   3.3783128e-02
   3.3709464e-02
   3.3405794e-02
   3.3378555e-02
   3.3332217e-02
   3.3223921e-02
   3.2967775e-02
   3.2936514e-02
   3.2880158e-02
   3.2704935e-02
   3.2530166e-02
   3.2495392e-02
   3.2429186e-02
   3.2116601e-02
   3.2093543e-02
   3.2056358e-02
   3.1982627e-02
   3.1681775e-02
   3.1658365e-02
   3.1620404e-02
   3.1544010e-02
   3.1247721e-02
   3.1224848e-02
   3.1187993e-02
   3.1115063e-02
   3.0814394e-02
   3.0792891e-02
   3.0758844e-02
   3.0694361e-02
   3.0381586e-02
   3.0362099e-02
   3.0332034e-02
   3.0278371e-02
   3.0122807e-02
   2.9931881e-02
   2.9906328e-02
   2.9863519e-02
   2.9768645e-02
   2.9501592e-02
   2.9480527e-02
   2.9447303e-02
   2.9384933e-02
   2.9070637e-02
   2.9053679e-02
   2.9028337e-02
   2.8985935e-02
   2.8892357e-02
   2.8625138e-02
   2.8606016e-02
   2.8576595e-02
   2.8524351e-02
   2.8377693e-02
   2.8180201e-02
   2.8159503e-02
   2.8126963e-02
   2.8066309e-02
   2.7786254e-02
   2.7736297e-02
   2.7714950e-02
   2.7681073e-02
   2.7616504e-02
   2.7308124e-02
   2.7293690e-02
   2.7272806e-02
   2.7239856e-02
   2.7177911e-02
   2.6865885e-02
   2.6852341e-02
   2.6832976e-02
   2.6803030e-02
   2.6749239e-02
   2.6588472e-02
   2.6411913e-02
   2.6394834e-02
   2.6369217e-02
   2.6326001e-02
   2.6228110e-02
   2.5971860e-02
   2.5957445e-02
   2.5936583e-02
   2.5903633e-02
   2.5841521e-02
   2.5531570e-02
   2.5519840e-02
   2.5503475e-02
   2.5479152e-02
   2.5438826e-02
   2.5352360e-02
   2.5081217e-02
   2.5068726e-02
   2.5051114e-02
   2.5024488e-02
   2.4978839e-02
   2.4869442e-02
   2.4631673e-02
   2.4619065e-02
   2.4601258e-02
   2.4574261e-02
   2.4527705e-02
   2.4413649e-02
   2.4183070e-02
   2.4171046e-02
   2.4154201e-02
   2.4128992e-02
   2.4086617e-02
   2.3991799e-02
   2.3735255e-02
   2.3724413e-02
   2.3709476e-02
   2.3687695e-02
   2.3652805e-02
   2.3584711e-02
   2.3287829e-02
   2.3278547e-02
   2.3266043e-02
   2.3248410e-02
   2.3221733e-02
   2.3175906e-02
   2.3065306e-02
   2.2832667e-02
   2.2822689e-02
   2.2809112e-02
   2.2789685e-02
   2.2759558e-02
   2.2705052e-02
   2.2535066e-02
   2.2378375e-02
   2.2368297e-02
   2.2354569e-02
   2.2334885e-02
   2.2304254e-02
   2.2248402e-02
   2.2063665e-02
   2.1925104e-02
   2.1915580e-02
   2.1902714e-02
   2.1884489e-02
   2.1856694e-02
   2.1808150e-02
   2.1682871e-02
   2.1472655e-02
   2.1464225e-02
   2.1453021e-02
   2.1437520e-02
   2.1414753e-02
   2.1377780e-02
   2.1302982e-02
   2.1020542e-02
   2.1013511e-02
   2.1004369e-02
   2.0992093e-02
   2.0974857e-02
   2.0948937e-02
   2.0904918e-02
   2.0802924e-02
   2.0562576e-02
   2.0555504e-02
   2.0546305e-02
   2.0533948e-02
   2.0516582e-02
   2.0490432e-02
   2.0445889e-02
   2.0341574e-02
   2.0105417e-02
   2.0098795e-02
   2.0090248e-02
   2.0078881e-02
   2.0063136e-02
   2.0039956e-02
   2.0002135e-02
   1.9924598e-02
   1.9648847e-02
   1.9643070e-02
   1.9635717e-02
   1.9626121e-02
   1.9613167e-02
   1.9594826e-02
   1.9566861e-02
   1.9518002e-02
   1.9391348e-02
   1.9187656e-02
   1.9181751e-02
   1.9174224e-02
   1.9164377e-02
   1.9151044e-02
   1.9132078e-02
   1.9102928e-02
   1.9051133e-02
   1.8905219e-02
   1.8727302e-02
   1.8721733e-02
   1.8714678e-02
   1.8705521e-02
   1.8693254e-02
   1.8676072e-02
   1.8650321e-02
   1.8606835e-02
   1.8507765e-02
   1.8267606e-02
   1.8262758e-02
   1.8256695e-02
   1.8248956e-02
   1.8238811e-02
   1.8225033e-02
   1.8205339e-02
   1.8174816e-02
   1.8119564e-02
   1.7943688e-02
   1.7804143e-02
   1.7799324e-02
   1.7793304e-02
   1.7785630e-02
   1.7775589e-02
   1.7761981e-02
   1.7742593e-02
   1.7712700e-02
   1.7659176e-02
   1.7500499e-02
   1.7341476e-02
   1.7337097e-02
   1.7331672e-02
   1.7324830e-02
   1.7315999e-02
   1.7304250e-02
   1.7287950e-02
   1.7263880e-02
   1.7224334e-02
   1.7141413e-02
   1.6879269e-02
   1.6875618e-02
   1.6871160e-02
   1.6865636e-02
   1.6858661e-02
   1.6849648e-02
   1.6837634e-02
   1.6820921e-02
   1.6796132e-02
   1.6755051e-02
   1.6666599e-02
   1.6414088e-02
   1.6410706e-02
   1.6406603e-02
   1.6401555e-02
   1.6395239e-02
   1.6387168e-02
   1.6376570e-02
   1.6362132e-02
   1.6341392e-02
   1.6308946e-02
   1.6248856e-02
   1.5970666e-02
   1.5946445e-02
   1.5943023e-02
   1.5938871e-02
   1.5933762e-02
   1.5927368e-02
   1.5919195e-02
   1.5908457e-02
   1.5893818e-02
   1.5872758e-02
   1.5839722e-02
   1.5778115e-02
   1.5482163e-02
   1.5479549e-02
   1.5476432e-02
   1.5472678e-02
   1.5468097e-02
   1.5462422e-02
   1.5455260e-02
   1.5446002e-02
   1.5433660e-02
   1.5416475e-02
   1.5390931e-02
   1.5348390e-02
   1.5254974e-02
   1.5013089e-02
   1.5010530e-02
   1.5007486e-02
   1.5003827e-02
   1.4999375e-02
   1.4993878e-02
   1.4986968e-02
   1.4978082e-02
   1.4966313e-02
   1.4950079e-02
   1.4926295e-02
   1.4887724e-02
   1.4809335e-02
   1.4544508e-02
   1.4542264e-02
   1.4539617e-02
   1.4536465e-02
   1.4532672e-02
   1.4528050e-02
   1.4522331e-02
   1.4515125e-02
   1.4505828e-02
   1.4493458e-02
   1.4476281e-02
   1.4450847e-02
   1.4408753e-02
   1.4317796e-02
   1.4074248e-02
   1.4072184e-02
   1.4069763e-02
   1.4066897e-02
   1.4063472e-02
   1.4059333e-02
   1.4054261e-02
   1.4047947e-02
   1.4039922e-02
   1.4029457e-02
   1.4015323e-02
   1.3995264e-02
   1.3964472e-02
   1.3909606e-02
   1.3744959e-02
   1.3602574e-02
   1.3600612e-02
   1.3598318e-02
   1.3595614e-02
   1.3592397e-02
   1.3588529e-02
   1.3583820e-02
   1.3578000e-02
   1.3570672e-02
   1.3561229e-02
   1.3548678e-02
   1.3531272e-02
   1.3505535e-02
   1.3462999e-02
   1.3371083e-02
   1.3131320e-02
   1.3129678e-02
   1.3127776e-02
   1.3125557e-02
   1.3122949e-02
   1.3119857e-02
   1.3116153e-02
   1.3111662e-02
   1.3106141e-02
   1.3099234e-02
   1.3090402e-02
   1.3078787e-02
   1.3062914e-02
   1.3039963e-02
   1.3003552e-02
   1.2933279e-02
   1.2658731e-02
   1.2657335e-02
   1.2655730e-02
   1.2653874e-02
   1.2651715e-02
   1.2649183e-02
   1.2646190e-02
   1.2642617e-02
   1.2638302e-02
   1.2633021e-02
   1.2626449e-02
   1.2618104e-02
   1.2607226e-02
   1.2592539e-02
   1.2571682e-02
   1.2539594e-02
   1.2481940e-02
   1.2290086e-02
   1.2183811e-02
   1.2182454e-02
   1.2180898e-02
   1.2179104e-02
   1.2177021e-02
   1.2174588e-02
   1.2171721e-02
   1.2168312e-02
   1.2164213e-02
   1.2159224e-02
   1.2153057e-02
   1.2145287e-02
   1.2135263e-02
   1.2121915e-02
   1.2103336e-02
   1.2075672e-02
   1.2029211e-02
   1.1922069e-02
   1.1709248e-02
   1.1708115e-02
   1.1706826e-02
   1.1705353e-02
   1.1703660e-02
   1.1701704e-02
   1.1699426e-02
   1.1696757e-02
   1.1693600e-02
   1.1689829e-02
   1.1685273e-02
   1.1679692e-02
   1.1672739e-02
   1.1663894e-02
   1.1652331e-02
   1.1636652e-02
   1.1614228e-02
   1.1579256e-02
   1.1514192e-02
   1.1233724e-02
   1.1232801e-02
   1.1231761e-02
   1.1230582e-02
   1.1229240e-02
   1.1227707e-02
   1.1225944e-02
   1.1223906e-02
   1.1221532e-02
   1.1218748e-02
   1.1215452e-02
   1.1211512e-02
   1.1206746e-02
   1.1200897e-02
   1.1193595e-02
   1.1184279e-02
   1.1172052e-02
   1.1155375e-02
   1.1131297e-02
   1.1093076e-02
   1.1018554e-02
   1.0756531e-02
   1.0755721e-02
   1.0754813e-02
   1.0753789e-02
   1.0752633e-02
   1.0751319e-02
   1.0749821e-02
   1.0748102e-02
   1.0746120e-02
   1.0743819e-02
   1.0741128e-02
   1.0737955e-02
   1.0734177e-02
   1.0729628e-02
   1.0724078e-02
   1.0717197e-02
   1.0708491e-02
   1.0697191e-02
   1.0682009e-02
   1.0660572e-02
   1.0627824e-02
   1.0569513e-02
   1.0376658e-02
   1.0277997e-02
   1.0277253e-02
   1.0276421e-02
   1.0275487e-02
   1.0274437e-02
   1.0273250e-02
   1.0271903e-02
   1.0270367e-02
   1.0268607e-02
   1.0266577e-02
   1.0264222e-02
   1.0261470e-02
   1.0258227e-02
   1.0254368e-02
   1.0249725e-02
   1.0244063e-02
   1.0237047e-02
   1.0228177e-02
   1.0216671e-02
   1.0201220e-02
   1.0179410e-02
   1.0146079e-02
   1.0086549e-02
   9.8759772e-03
   9.7989638e-03
   9.7983359e-03
   9.7976383e-03
   9.7968610e-03
   9.7959923e-03
   9.7950180e-03
   9.7939214e-03
   9.7926823e-03
   9.7912761e-03
   9.7896726e-03
   9.7878346e-03
   9.7857155e-03
   9.7832562e-03
   9.7803809e-03
   9.7769910e-03
   9.7729550e-03
   9.7680949e-03
   9.7621622e-03
   9.7547997e-03
   9.7454724e-03
   9.7333368e-03
   9.7169656e-03
   9.6936862e-03
   9.6576088e-03
   9.5908537e-03
   9.3193228e-03
   9.3188419e-03
   9.3183119e-03
   9.3177264e-03
   9.3170780e-03
   9.3163581e-03
   9.3155564e-03
   9.3146608e-03
   9.3136571e-03
   9.3125281e-03
   9.3112532e-03
   9.3098073e-03
   9.3081598e-03
   9.3062727e-03
   9.3040985e-03
   9.3015772e-03
   9.2986319e-03
   9.2951623e-03
   9.2910352e-03
   9.2860699e-03
   9.2800149e-03
   9.2725083e-03
   9.2630090e-03
   9.2506636e-03
   9.2340290e-03
   9.2104013e-03
   9.1738099e-03
   9.1060095e-03
   8.8381645e-03
   8.8377670e-03
   8.8373314e-03
   8.8368531e-03
   8.8363269e-03
   8.8357465e-03
   8.8351049e-03
   8.8343937e-03
   8.8336033e-03
   8.8327222e-03
   8.8317368e-03
   8.8306311e-03
   8.8293855e-03
   8.8279766e-03
   8.8263759e-03
   8.8245482e-03
   8.8224497e-03
   8.8200256e-03
   8.8172058e-03
   8.8138999e-03
   8.8099888e-03
   8.8053129e-03
   8.7996527e-03
   8.7926975e-03
   8.7839914e-03
   8.7728340e-03
   8.7580803e-03
   8.7376909e-03
   8.7075198e-03
   8.6569176e-03
   8.5350175e-03
   8.3558030e-03
   8.3554634e-03
   8.3550931e-03
   8.3546884e-03
   8.3542456e-03
   8.3537599e-03
   8.3532261e-03
   8.3526381e-03
   8.3519890e-03
   8.3512704e-03
   8.3504730e-03
   8.3495854e-03
   8.3485944e-03
   8.3474841e-03
   8.3462357e-03
   8.3448263e-03
   8.3432283e-03
   8.3414078e-03
   8.3393225e-03
   8.3369200e-03
   8.3341333e-03
   8.3308765e-03
   8.3270374e-03
   8.3224660e-03
   8.3169581e-03
   8.3102270e-03
   8.3018567e-03
   8.2912170e-03
   8.2772965e-03
   8.2583396e-03
   8.2309181e-03
   8.1868594e-03
   8.0955621e-03
   7.8726915e-03
   7.8724259e-03
   7.8721381e-03
   7.8718257e-03
   7.8714861e-03
   7.8711163e-03
   7.8707129e-03
   7.8702721e-03
   7.8697895e-03
   7.8692601e-03
   7.8686782e-03
   7.8680369e-03
   7.8673287e-03
   7.8665444e-03
   7.8656735e-03
   7.8647036e-03
   7.8636199e-03
   7.8624049e-03
   7.8610375e-03
   7.8594923e-03
   7.8577381e-03
   7.8557369e-03
   7.8534410e-03
   7.8507909e-03
   7.8477102e-03
   7.8441004e-03
   7.8398317e-03
   7.8347292e-03
   7.8285519e-03
   7.8209571e-03
   7.8114385e-03
   7.7992110e-03
   7.7829734e-03
   7.7603570e-03
   7.7263606e-03
   7.6670471e-03
   7.4745281e-03
   7.3883673e-03
   7.3881518e-03
   7.3879194e-03
   7.3876686e-03
   7.3873974e-03
   7.3871038e-03
   7.3867855e-03
   7.3864399e-03
   7.3860642e-03
   7.3856549e-03
   7.3852083e-03
   7.3847201e-03
   7.3841854e-03
   7.3835985e-03
   7.3829530e-03
   7.3822414e-03
   7.3814548e-03
   7.3805831e-03
   7.3796144e-03
   7.3785344e-03
   7.3773264e-03
   7.3759703e-03
   7.3744420e-03
   7.3727122e-03
   7.3707449e-03
   7.3684957e-03
   7.3659091e-03
   7.3629148e-03
   7.3594225e-03
   7.3553140e-03
   7.3504322e-03
   7.3445626e-03
   7.3374047e-03
   7.3285222e-03
   7.3172529e-03
   7.3025318e-03
   7.2825003e-03
   7.2534906e-03
   7.2065590e-03
   7.1054824e-03
   6.9031825e-03
   6.9030222e-03
   6.9028504e-03
   6.9026661e-03
   6.9024681e-03
   6.9022553e-03
   6.9020263e-03
   6.9017795e-03
   6.9015132e-03
   6.9012256e-03
   6.9009144e-03
   6.9005773e-03
   6.9002115e-03
   6.8998141e-03
   6.8993816e-03
   6.8989100e-03
   6.8983950e-03
   6.8978313e-03
   6.8972132e-03
   6.8965339e-03
   6.8957856e-03
   6.8949593e-03
   6.8940445e-03
   6.8930288e-03
   6.8918976e-03
   6.8906335e-03
   6.8892161e-03
   6.8876204e-03
   6.8858162e-03
   6.8837668e-03
   6.8814266e-03
   6.8787388e-03
   6.8756313e-03
   6.8720118e-03
   6.8677598e-03
   6.8627147e-03
   6.8566582e-03
   6.8492838e-03
   6.8401474e-03
   6.8285750e-03
   6.8134821e-03
   6.7929738e-03
   6.7632998e-03
   6.7152424e-03
   6.6102909e-03
   6.4168725e-03
   6.4167527e-03
   6.4166251e-03
   6.4164890e-03
   6.4163437e-03
   6.4161885e-03
   6.4160225e-03
   6.4158448e-03
   6.4156544e-03
   6.4154502e-03
   6.4152310e-03
   6.4149953e-03
   6.4147417e-03
   6.4144685e-03
   6.4141738e-03
   6.4138554e-03
   6.4135111e-03
   6.4131382e-03
   6.4127336e-03
   6.4122940e-03
   6.4118157e-03
   6.4112941e-03
   6.4107245e-03
   6.4101011e-03
   6.4094175e-03
   6.4086661e-03
   6.4078384e-03
   6.4069242e-03
   6.4059117e-03
   6.4047873e-03
   6.4035345e-03
   6.4021340e-03
   6.4005625e-03
   6.3987921e-03
   6.3967887e-03
   6.3945105e-03
   6.3919057e-03
   6.3889092e-03
   6.3854382e-03
   6.3813858e-03
   6.3766113e-03
   6.3709256e-03
   6.3640682e-03
   6.3556685e-03
   6.3451785e-03
   6.3317448e-03
   6.3139442e-03
   6.2891509e-03
   6.2516733e-03
   6.1845545e-03
   5.9295622e-03
   5.9294781e-03
   5.9293891e-03
   5.9292947e-03
   5.9291946e-03
   5.9290883e-03
   5.9289754e-03
   5.9288553e-03
   5.9287276e-03
   5.9285917e-03
   5.9284468e-03
   5.9282923e-03
   5.9281274e-03
   5.9279512e-03
   5.9277628e-03
   5.9275612e-03
   5.9273452e-03
   5.9271135e-03
   5.9268648e-03
   5.9265975e-03
   5.9263098e-03
   5.9259999e-03
   5.9256655e-03
   5.9253044e-03
   5.9249137e-03
   5.9244905e-03
   5.9240314e-03
   5.9235324e-03
   5.9229893e-03
   5.9223970e-03
   5.9217499e-03
   5.9210415e-03
   5.9202642e-03
   5.9194094e-03
   5.9184672e-03
   5.9174258e-03
   5.9162717e-03
   5.9149886e-03
   5.9135574e-03
   5.9119555e-03
   5.9101555e-03
   5.9081241e-03
   5.9058208e-03
   5.9031956e-03
   5.9001857e-03
   5.8967122e-03
   5.8926731e-03
   5.8879355e-03
   5.8823221e-03
   5.8755904e-03
   5.8673992e-03
   5.8572501e-03
   5.8443794e-03
   5.8275396e-03
   5.8044992e-03
   5.7706558e-03
   5.7136729e-03
   5.5568175e-03
   5.4411069e-03
   5.4410460e-03
   5.4409819e-03
   5.4409142e-03
   5.4408427e-03
   5.4407673e-03
   5.4406877e-03
   5.4406035e-03
   5.4405145e-03
   5.4404203e-03
   5.4403205e-03
   5.4402148e-03
   5.4401027e-03
   5.4399839e-03
   5.4398576e-03
   5.4397235e-03
   5.4395809e-03
   5.4394292e-03
   5.4392676e-03
   5.4390954e-03
   5.4389117e-03
   5.4387156e-03
   5.4385060e-03
   5.4382818e-03
   5.4380417e-03
   5.4377845e-03
   5.4375084e-03
   5.4372119e-03
   5.4368930e-03
   5.4365497e-03
   5.4361795e-03
   5.4357799e-03
   5.4353479e-03
   5.4348803e-03
   5.4343733e-03
   5.4338226e-03
   5.4332236e-03
   5.4325707e-03
   5.4318578e-03
   5.4310779e-03
   5.4302227e-03
   5.4292827e-03
   5.4282472e-03
   5.4271033e-03
   5.4258361e-03
   5.4244281e-03
   5.4228583e-03
   5.4211018e-03
