Prat          0.00e+00 
Crat          1.00e+01 
reduced_c     1.00e+01 
Vmax          9.00e-01 
Tunit         1.00e+07 
Compt         0  
Planck        0  
rotate_theta  0  
rotate_phi    0  
adv_flag:     1  
nzeta:        20  
npsi:         0  
taucell:      5.000000e+00  
source_flag:  1  
nfreq      :  3  
fre_ratio:    4.000000e+00  
nu_min:       5.000000e-01  
nu_max:       2.000000e+00  
iteration:    2  
err_limit:    1.000000e-12  
n_limit:      300  
tau_scheme    1  
 0   9.753048e-01   0.000000e+00   0.000000e+00    2.500000e-02
 1   9.252892e-01   0.000000e+00   0.000000e+00    2.500000e-02
 2   8.752736e-01   0.000000e+00   0.000000e+00    2.500000e-02
 3   8.252579e-01   0.000000e+00   0.000000e+00    2.500000e-02
 4   7.752423e-01   0.000000e+00   0.000000e+00    2.500000e-02
 5   7.252267e-01   0.000000e+00   0.000000e+00    2.500000e-02
 6   6.752110e-01   0.000000e+00   0.000000e+00    2.500000e-02
 7   6.251954e-01   0.000000e+00   0.000000e+00    2.500000e-02
 8   5.751798e-01   0.000000e+00   0.000000e+00    2.500000e-02
 9   5.251641e-01   0.000000e+00   0.000000e+00    2.500000e-02
10   4.751485e-01   0.000000e+00   0.000000e+00    2.500000e-02
11   4.251329e-01   0.000000e+00   0.000000e+00    2.500000e-02
12   3.751172e-01   0.000000e+00   0.000000e+00    2.500000e-02
13   3.251016e-01   0.000000e+00   0.000000e+00    2.500000e-02
14   2.750860e-01   0.000000e+00   0.000000e+00    2.500000e-02
15   2.250703e-01   0.000000e+00   0.000000e+00    2.500000e-02
16   1.750547e-01   0.000000e+00   0.000000e+00    2.500000e-02
17   1.250391e-01   0.000000e+00   0.000000e+00    2.500000e-02
18   7.502345e-02   0.000000e+00   0.000000e+00    2.500000e-02
19   2.500782e-02   0.000000e+00   0.000000e+00    2.500000e-02
20   -2.500782e-02   0.000000e+00   0.000000e+00    2.500000e-02
21   -7.502345e-02   0.000000e+00   0.000000e+00    2.500000e-02
22   -1.250391e-01   0.000000e+00   0.000000e+00    2.500000e-02
23   -1.750547e-01   0.000000e+00   0.000000e+00    2.500000e-02
24   -2.250703e-01   0.000000e+00   0.000000e+00    2.500000e-02
25   -2.750860e-01   0.000000e+00   0.000000e+00    2.500000e-02
26   -3.251016e-01   0.000000e+00   0.000000e+00    2.500000e-02
27   -3.751172e-01   0.000000e+00   0.000000e+00    2.500000e-02
28   -4.251329e-01   0.000000e+00   0.000000e+00    2.500000e-02
29   -4.751485e-01   0.000000e+00   0.000000e+00    2.500000e-02
30   -5.251641e-01   0.000000e+00   0.000000e+00    2.500000e-02
31   -5.751798e-01   0.000000e+00   0.000000e+00    2.500000e-02
32   -6.251954e-01   0.000000e+00   0.000000e+00    2.500000e-02
33   -6.752110e-01   0.000000e+00   0.000000e+00    2.500000e-02
34   -7.252267e-01   0.000000e+00   0.000000e+00    2.500000e-02
35   -7.752423e-01   0.000000e+00   0.000000e+00    2.500000e-02
36   -8.252579e-01   0.000000e+00   0.000000e+00    2.500000e-02
37   -8.752736e-01   0.000000e+00   0.000000e+00    2.500000e-02
38   -9.252892e-01   0.000000e+00   0.000000e+00    2.500000e-02
39   -9.753048e-01   0.000000e+00   0.000000e+00    2.500000e-02
fre   spec
0.000000e+00   5.293158e-03
5.000000e-01   1.757011e-01
2.000000e+00   8.190058e-01
