9.16000e+04
9.16000e+04
9.06781e+04
6.08939e+04
4.08607e+04
2.72149e+04
1.86425e+04
1.24389e+04
8.19288e+03
5.79710e+03
5.14390e+03
5.20350e+03
8.69569e+03
6.67314e+03
4.15912e+03
2.62038e+03
1.64328e+03
1.01613e+03
6.19069e+02
3.75748e+02
2.97349e+02
8.21172e+02
4.01655e+03
4.54828e+03
3.50487e+03
3.02359e+03
4.34203e+03
2.98594e+03
1.55364e+03
9.42213e+02
5.76390e+02
3.52954e+02
2.09882e+02
1.26546e+02
7.80087e+01
9.97421e+01
1.48848e+02
8.22907e+01
4.86915e+01
2.91258e+01
1.68133e+01 
9.92194e+00 
5.18722e+00 
2.24699e+00 
1.29604e+00 
7.46975e-01
8.43058e-01 
2.43746e+00 
1.50509e+00 
9.01762e-01 
5.38182e-01
5.38182e-01